1,008,0
1,031,272
1,040,546
1,051,818
1,056,1091
1,070,1364
1,100,1641
1,112,1917
1,124,2203
1,191,2475
1,196,2749
1,203,3024
1,208,3296
1,233,3568
1,246,3844
1,250,4118
1,268,4390
1,276,4666
1,300,4938
1,348,5213
1,352,5487
1,372,5761
1,376,6036
1,380,6310
1,398,6582
1,417,6857
1,428,7133
1,440,7409
1,442,7684
1,470,7956
1,498,8228
1,499,8508
1,528,8766
1,578,9038
1,616,9310
1,620,9584
1,642,9858
1,643,10136
1,688,10382
1,703,10662
1,705,10937
1,724,11210
1,752,11485
1,756,11761
1,762,12038
1,792,12318
1,804,12597
1,807,12878
1,826,13153
1,840,13425
4,008,13698
4,031,13968
4,040,14256
4,051,14544
4,056,14832
4,070,15120
4,100,15318
4,112,15606
4,124,15894
4,191,16182
4,196,16470
4,203,16758
4,208,17046
4,233,17334
4,246,17622
4,250,17910
4,268,18198
4,276,18486
4,300,18774
4,348,19062
4,352,19350
4,372,19638
4,376,19932
4,380,20220
4,398,20508
4,417,20796
4,428,21084
4,440,21372
4,442,21660
4,470,21964
4,498,22268
4,499,22556
4,528,22664
4,578,22952
4,616,23240
4,620,23528
4,642,23816
4,643,24104
4,688,24356
4,703,24643
4,705,24931
4,724,25219
4,752,25507
4,756,25795
4,762,26083
4,792,26353
4,804,26641
4,807,26929
4,826,27217
4,840,27505
5,008,27789
5,031,28090
5,040,28411
5,051,28747
5,056,29067
5,070,29403
5,100,29627
5,112,29956
5,124,30283
5,191,30619
5,196,30953
5,203,31289
5,208,31625
5,233,31961
5,246,32293
5,250,32629
5,268,32965
5,276,33285
5,300,33621
5,348,33957
5,352,34292
5,372,34628
5,376,34964
5,380,35300
5,398,35636
5,417,35965
5,428,36285
5,440,36617
5,442,36950
5,470,37286
5,498,37622
5,499,37942
5,528,38068
5,578,38404
5,616,38740
5,620,39073
5,642,39409
5,643,39738
5,688,40025
5,703,40353
5,705,40687
5,724,41023
5,752,41359
5,756,41695
5,762,42031
5,792,42330
5,804,42660
5,807,42980
5,826,43308
5,840,43644
6,008,43980
6,031,44268
6,040,44455
6,051,44727
6,056,44871
6,070,45143
6,100,45330
6,191,45606
6,196,45878
6,203,46150
6,208,46422
6,233,46694
6,246,46966
6,250,47238
6,276,47510
6,300,47782
6,348,48054
6,352,48326
6,372,48581
6,380,48853
6,398,49125
6,428,49227
6,440,49499
6,442,49703
6,470,49975
6,499,50247
6,528,50350
6,578,50622
6,616,50894
6,620,51132
6,642,51404
6,688,51681
6,703,51964
6,705,52236
6,724,52508
6,752,52780
6,756,53052
6,792,53324
6,804,53601
6,807,53881
6,826,54169
7,008,54441
7,031,54777
7,040,55122
7,051,55474
7,056,55807
7,070,56159
7,100,56495
7,112,56839
7,124,57185
7,191,57550
7,196,57886
7,203,58222
7,208,58574
7,233,58926
7,246,59262
7,250,59614
7,268,59982
7,276,60318
7,300,60686
7,348,61038
7,352,61390
7,372,61722
7,376,62074
7,380,62426
7,398,62794
7,417,63146
7,428,63478
7,438,63814
7,440,63934
7,442,64270
7,470,64606
7,498,64935
7,499,65266
7,528,65386
7,578,65738
7,616,66090
7,620,66442
7,642,66794
7,643,67146
7,688,67468
7,703,67804
7,705,68150
7,724,68486
7,752,68852
7,756,69204
7,762,69556
7,792,69887
7,795,70247
7,804,70583
7,807,70935
7,826,71271
7,840,71639
7,860,72023
8,008,72367
8,031,72655
8,040,72846
8,051,73118
8,056,73262
8,070,73534
8,100,73721
8,191,73993
8,196,74265
8,203,74541
8,208,74813
8,233,75085
8,246,75358
8,250,75630
8,276,75902
8,300,76174
8,348,76446
8,352,76718
8,372,76976
8,380,77249
8,398,77521
8,428,77623
8,440,77897
8,442,78103
8,470,78375
8,499,78647
8,528,78749
8,578,79021
8,616,79293
8,620,79531
8,642,79803
8,688,80079
8,703,80351
8,705,80623
8,724,80895
8,752,81177
8,756,81449
8,792,81721
8,804,81993
8,807,82265
8,826,82537
9,008,82809
9,031,83097
9,040,83284
9,051,83572
9,056,83712
9,070,84000
9,100,84198
9,191,84486
9,196,84774
9,203,85062
9,208,85350
9,233,85638
9,246,85926
9,250,86214
9,276,86502
9,300,86790
9,348,87078
9,352,87366
9,372,87636
9,380,87924
9,398,88212
9,428,88320
9,440,88608
9,442,88824
9,470,89112
9,499,89400
9,528,89508
9,578,89796
9,616,90084
9,620,90336
9,642,90624
9,688,90912
9,703,91200
9,705,91488
9,724,91776
9,752,92064
9,756,92352
9,792,92640
9,804,92928
9,807,93215
9,826,93503
11,008,93791
11,031,94091
11,040,94300
11,051,94604
11,056,94756
11,070,95060
11,100,95269
11,191,95573
11,196,95877
11,203,96171
11,208,96475
11,233,96779
11,246,97083
11,250,97387
11,276,97691
11,300,97995
11,348,98299
11,352,98603
11,372,98888
11,380,99192
11,398,99496
11,428,99610
11,440,99914
11,442,100142
11,470,100437
11,499,100741
11,528,100855
11,578,101159
11,616,101463
11,620,101729
11,642,102033
11,688,102337
11,703,102641
11,705,102945
11,724,103249
11,752,103553
11,756,103857
11,792,104161
11,804,104465
11,807,104769
11,826,105073
12,008,105377
12,031,105717
12,040,106062
12,051,106414
12,056,106750
12,070,107102
12,100,107441
12,112,107788
12,124,108134
12,191,108486
12,196,108838
12,203,109190
12,208,109542
12,233,109894
12,246,110245
12,250,110597
12,268,110949
12,276,111285
12,300,111637
12,348,111989
12,352,112341
12,372,112693
12,376,113045
12,380,113397
12,398,113749
12,417,114099
12,428,114435
12,438,114785
12,440,114917
12,442,115267
12,470,115620
12,498,115972
12,499,116308
12,528,116440
12,578,116792
12,616,117144
12,620,117496
12,642,117848
12,643,118194
12,688,118498
12,703,118843
12,705,119195
12,724,119547
12,752,119899
12,756,120251
12,762,120603
12,792,120938
12,795,121286
12,804,121627
12,807,121963
12,826,122307
12,840,122659
12,860,123011
14,008,123347
14,031,123651
14,040,123860
14,051,124164
14,056,124316
14,070,124620
14,100,124829
14,191,125133
14,196,125437
14,203,125741
14,208,126045
14,233,126349
14,246,126653
14,250,126957
14,276,127261
14,300,127565
14,348,127869
14,352,128173
14,372,128458
14,380,128762
14,398,129066
14,428,129180
14,440,129484
14,442,129712
14,470,130016
14,499,130320
14,528,130434
14,578,130738
14,616,131042
14,620,131308
14,642,131612
14,688,131916
14,703,132220
14,705,132524
14,724,132828
14,752,133132
14,756,133436
14,792,133740
14,804,134044
14,807,134348
14,826,134652
15,008,134956
15,031,135146
15,040,135412
15,051,135693
15,056,135959
15,070,136239
15,100,136505
15,112,136790
15,124,137056
15,191,137303
15,196,137569
15,203,137839
15,208,138124
15,233,138394
15,246,138679
15,250,138955
15,268,139239
15,276,139505
15,300,139782
15,348,140061
15,352,140346
15,372,140629
15,376,140913
15,380,141179
15,398,141449
15,417,141696
15,428,141962
15,440,142247
15,442,142532
15,470,142810
15,498,143095
15,499,143361
15,528,143646
15,578,143916
15,616,144189
15,620,144474
15,642,144758
15,643,145043
15,688,145290
15,703,145575
15,705,145860
15,724,146130
15,752,146408
15,756,146678
15,762,146948
15,792,147176
15,795,147442
15,804,147575
15,807,147841
15,826,148126
15,840,148411
15,860,148715
16,008,148981
16,031,149301
16,040,149621
16,051,149941
16,056,150261
16,070,150581
16,100,150901
16,112,151237
16,124,151573
16,191,151925
16,196,152245
16,203,152549
16,208,152869
16,233,153189
16,246,153509
16,250,153845
16,268,154181
16,276,154501
16,300,154837
16,348,155173
16,352,155493
16,372,155829
16,376,156149
16,380,156469
16,398,156805
16,417,157157
16,428,157493
16,438,157813
16,440,158101
16,442,158421
16,470,158725
16,498,159013
16,499,159333
16,528,159653
16,578,159973
16,616,160309
16,620,160645
16,642,160965
16,643,161301
16,688,161623
16,703,161943
16,705,162263
16,724,162583
16,752,162919
16,756,163255
16,762,163575
16,792,163911
16,795,164247
16,804,164583
16,807,164919
16,826,165239
16,840,165575
16,860,165927
18,008,166263
18,031,166548
18,040,166852
18,051,167118
18,056,167384
18,070,167650
18,100,167859
18,112,168125
18,124,168391
18,191,168619
18,196,168885
18,203,169151
18,208,169417
18,233,169683
18,246,169949
18,250,170215
18,268,170386
18,276,170690
18,300,170956
18,348,171165
18,352,171431
18,372,171678
18,376,171944
18,380,172229
18,398,172495
18,417,172590
18,428,172818
18,438,173084
18,440,173122
18,442,173388
18,470,173426
18,498,173692
18,499,173996
18,528,174300
18,578,174566
18,616,174832
18,620,175098
18,642,175364
18,643,175630
18,688,175877
18,703,176162
18,705,176428
18,724,176694
18,752,176960
18,756,177226
18,762,177492
18,792,177777
18,795,178043
18,804,178062
18,807,178290
18,826,178556
18,840,178822
18,860,179069
19,008,179278
19,040,179536
19,051,179802
19,056,179989
19,070,180027
19,100,180140
19,112,180330
19,124,180564
19,191,180716
19,196,181018
19,203,181110
19,208,181356
19,233,181584
19,246,181883
19,250,182111
19,268,182339
19,276,182547
19,300,182642
19,348,182699
19,352,182958
19,372,183262
19,376,183528
19,380,183787
19,398,183953
19,417,184199
19,428,184293
19,440,184558
19,442,184859
19,470,185049
19,498,185125
19,499,185403
19,528,185555
19,578,185782
19,616,186086
19,620,186234
19,642,186538
19,643,186595
19,688,186723
19,703,186892
19,705,187185
19,724,187467
19,752,187771
19,756,187961
19,762,188227
19,792,188264
19,795,188516
19,804,188534
19,807,188697
19,826,188735
19,840,188792
19,860,188830
20,008,188866
20,031,189105
20,040,189409
20,051,189713
20,056,189987
20,070,190291
20,100,190593
20,112,190878
20,124,191162
20,191,191466
20,196,191770
20,203,192073
20,208,192377
20,233,192681
20,246,192985
20,250,193289
20,268,193593
20,276,193884
20,300,194188
20,348,194470
20,352,194764
20,372,195068
20,376,195372
20,380,195676
20,398,195978
20,417,196282
20,428,196582
20,438,196886
20,440,197056
20,442,197360
20,470,197664
20,498,197955
20,499,198239
20,528,198427
20,578,198731
20,616,199035
20,620,199339
20,642,199643
20,643,199945
20,688,200203
20,703,200393
20,705,200697
20,724,201001
20,752,201305
20,756,201609
20,762,201913
20,792,202217
20,795,202510
20,804,202814
20,807,203085
20,826,203386
20,840,203690
20,860,203994
21,008,204293
21,031,204331
21,040,204635
21,051,204863
21,056,205110
21,100,205395
21,112,205680
21,124,205946
21,191,206212
21,196,206439
21,203,206515
21,208,206819
21,233,206857
21,246,207028
21,250,207294
21,268,207332
21,276,207617
21,300,207655
21,348,207674
21,352,207807
21,372,208054
21,376,208092
21,380,208434
21,398,208548
21,417,208845
21,428,209149
21,440,209415
21,442,209681
21,470,209852
21,498,209890
21,528,210080
21,578,210346
21,616,210593
21,620,210745
21,642,210802
21,643,211043
21,688,211119
21,703,211357
21,705,211604
21,724,211895
21,752,212142
21,756,212408
21,762,212541
21,804,212769
21,807,212978
21,826,212996
21,840,213034
22,008,213224
22,031,213541
22,040,213854
22,051,214143
22,056,214463
22,070,214763
22,100,215029
22,112,215314
22,124,215618
22,191,215906
22,196,216191
22,203,216476
22,208,216776
22,233,217076
22,246,217361
22,250,217646
22,268,217946
22,276,218250
22,300,218550
22,348,218835
22,352,219135
22,372,219405
22,376,219690
22,380,220010
22,398,220310
22,417,220544
22,428,220810
22,440,221095
22,442,221380
22,470,221680
22,498,221995
22,499,222315
22,528,222600
22,578,222900
22,616,223185
22,620,223485
22,642,223785
22,643,224070
22,688,224304
22,703,224608
22,705,224908
22,724,225199
22,752,225484
22,756,225769
22,762,226069
22,792,226316
22,795,226601
22,804,226785
22,807,227051
22,826,227355
22,840,227655
22,860,227959
23,008,228263
23,031,228567
23,040,228871
23,051,229156
23,056,229460
23,070,229745
23,100,230011
23,112,230296
23,124,230600
23,191,230904
23,196,231189
23,203,231474
23,208,231759
23,233,232044
23,246,232329
23,250,232614
23,268,232899
23,276,233203
23,300,233488
23,348,233773
23,352,234058
23,372,234343
23,376,234628
23,380,234932
23,398,235217
23,417,235464
23,428,235730
23,438,236015
23,440,236300
23,442,236585
23,470,236870
23,498,237155
23,499,237459
23,528,237744
23,578,238029
23,616,238314
23,620,238599
23,642,238884
23,643,239169
23,688,239416
23,703,239720
23,705,240005
23,724,240290
23,752,240575
23,756,240860
23,762,241145
23,792,241392
23,795,241677
23,804,241867
23,807,242133
23,826,242437
23,840,242722
23,860,243026
25,008,243330
25,031,243682
25,040,244034
25,051,244364
25,056,244716
25,070,245061
25,100,245369
25,112,245699
25,124,246052
25,191,246420
25,196,246750
25,203,247065
25,208,247410
25,233,247740
25,246,248070
25,250,248400
25,268,248745
25,276,249097
25,300,249442
25,348,249787
25,352,250128
25,372,250443
25,376,250773
25,380,251125
25,398,251470
25,417,251769
25,428,252077
25,438,252407
25,440,252707
25,442,253037
25,470,253352
25,498,253667
25,499,254019
25,528,254334
25,578,254679
25,616,255009
25,620,255354
25,642,255699
25,643,256044
25,688,256356
25,703,256708
25,705,257038
25,724,257368
25,752,257713
25,756,258043
25,762,258373
25,792,258659
25,795,259004
25,804,259224
25,807,259546
25,826,259898
25,840,260243
25,860,260627
26,008,260995
26,031,261193
26,040,261445
26,051,261715
26,056,261967
26,070,262237
26,100,262489
26,112,262759
26,124,263011
26,191,263245
26,196,263515
26,203,263785
26,208,264055
26,233,264325
26,246,264595
26,250,264865
26,268,265135
26,276,265387
26,300,265657
26,348,265927
26,352,266197
26,372,266467
26,376,266737
26,380,266989
26,398,267259
26,417,267511
26,428,267763
26,440,268033
26,442,268303
26,470,268573
26,498,268843
26,499,269095
26,528,269365
26,578,269635
26,616,269905
26,620,270175
26,642,270445
26,643,270715
26,688,270967
26,703,271237
26,705,271507
26,724,271777
26,752,272047
26,756,272317
26,762,272587
26,792,272839
26,795,273109
26,804,273235
26,807,273487
26,826,273757
26,840,274027
26,860,274315
30,008,274567
30,031,274871
30,040,275175
30,051,275479
30,056,275688
30,070,275992
30,100,276182
30,112,276486
30,124,276733
30,191,276980
30,196,277284
30,203,277588
30,208,277892
30,233,278196
30,246,278500
30,250,278804
30,268,279108
30,276,279336
30,300,279640
30,348,279944
30,352,280248
30,372,280552
30,376,280856
30,380,281103
30,398,281407
30,417,281654
30,428,281901
30,440,282205
30,442,282509
30,470,282813
30,498,283117
30,499,283383
30,528,283611
30,578,283915
30,616,284219
30,620,284523
30,642,284827
30,643,285131
30,688,285302
30,703,285549
30,705,285853
30,724,286157
30,752,286461
30,756,286765
30,762,287069
30,792,287107
30,795,287411
30,804,287544
30,807,287753
30,826,288057
30,840,288361
30,860,288589
31,031,288722
31,040,289026
31,051,289159
31,056,289368
31,070,289577
31,100,289634
31,112,289900
31,124,290147
31,191,290413
31,196,290641
31,203,290907
31,208,291173
31,233,291363
31,246,291629
31,250,291819
31,268,292085
31,276,292199
31,300,292313
31,348,292408
31,352,292674
31,372,292845
31,380,293054
31,398,293301
31,417,293434
31,428,293662
31,440,293928
31,442,294194
31,470,294308
31,498,294498
31,499,294764
31,528,294992
31,578,295144
31,616,295334
31,620,295562
31,642,295828
31,643,296094
31,688,296360
31,703,296645
31,705,296873
31,724,297139
31,752,297386
31,756,297481
31,762,297557
31,792,297633
31,804,297899
31,807,298127
31,826,298374
31,860,298507
32,008,298716
32,031,298849
32,040,298887
32,051,299153
32,056,299419
32,070,299438
32,100,299533
32,124,299666
32,191,299685
32,196,299989
32,203,300084
32,208,300369
32,233,300464
32,246,300711
32,250,300844
32,268,301129
32,276,301357
32,300,301509
32,348,301566
32,352,301870
32,372,302174
32,376,302440
32,380,302478
32,398,302744
32,417,303029
32,428,303067
32,440,303314
32,442,303618
32,498,303675
32,499,303979
32,528,304036
32,578,304283
32,616,304378
32,620,304644
32,642,304948
32,643,305252
32,688,305423
32,703,305461
32,705,305575
32,724,305879
32,752,306145
32,756,306411
32,792,306487
32,807,306753
32,826,306810
34,008,307057
34,031,307247
34,040,307513
34,051,307798
34,056,308064
34,070,308330
34,100,308596
34,112,308862
34,124,309128
34,191,309375
34,196,309641
34,203,309926
34,208,310192
34,233,310496
34,246,310762
34,250,311066
34,268,311237
34,276,311503
34,300,311750
34,348,312035
34,352,312301
34,372,312605
34,376,312909
34,380,313213
34,398,313498
34,417,313764
34,428,314030
34,440,314296
34,442,314562
34,470,314809
34,498,315018
34,499,315284
34,528,315493
34,578,315797
34,616,316101
34,620,316367
34,642,316671
34,643,316937
34,688,317127
34,703,317393
34,705,317659
34,724,317925
34,752,318229
34,756,318362
34,762,318609
34,792,318799
34,795,318818
34,804,318951
34,807,319217
34,826,319483
34,840,319768
34,860,320072
35,008,320338
35,031,320509
35,040,320813
35,051,321087
35,056,321277
35,070,321562
35,100,321752
35,124,322037
35,191,322265
35,196,322512
35,203,322792
35,208,323076
35,233,323352
35,246,323637
35,250,323922
35,268,324207
35,276,324511
35,300,324788
35,348,325073
35,352,325358
35,372,325615
35,376,325892
35,380,326195
35,398,326480
35,417,326756
35,428,326927
35,440,327212
35,442,327496
35,470,327778
35,498,328063
35,499,328366
35,528,328594
35,578,328868
35,616,329144
35,620,329429
35,642,329712
35,643,329997
35,688,330206
35,703,330434
35,705,330719
35,724,331004
35,752,331289
35,756,331573
35,792,331843
35,804,332128
35,807,332318
35,826,332603
35,840,332888
36,008,333153
36,031,333438
36,040,333742
36,051,334046
36,056,334350
36,070,334654
36,100,334863
36,112,335167
36,124,335471
36,191,335775
36,196,336079
36,203,336383
36,208,336687
36,233,336991
36,246,337295
36,250,337599
36,268,337903
36,276,338207
36,300,338511
36,348,338815
36,352,339119
36,372,339423
36,376,339727
36,380,340031
36,398,340335
36,417,340639
36,428,340943
36,440,341247
36,442,341551
36,470,341871
36,498,342191
36,499,342495
36,528,342609
36,578,342913
36,616,343217
36,620,343521
36,642,343825
36,643,344129
36,688,344395
36,703,344699
36,705,345003
36,724,345307
36,752,345611
36,756,345915
36,762,346219
36,792,346505
36,804,346809
36,807,347113
36,826,347417
36,840,347721
37,008,348025
37,031,348291
37,040,348443
37,051,348728
37,056,348956
37,070,349241
37,100,349507
37,112,349792
37,124,350039
37,191,350286
37,196,350571
37,203,350856
37,208,351141
37,233,351426
37,246,351711
37,250,351996
37,268,352281
37,276,352433
37,300,352718
37,348,353003
37,352,353288
37,372,353573
37,376,353858
37,380,354105
37,398,354390
37,417,354618
37,428,354884
37,440,355169
37,442,355454
37,470,355739
37,498,356024
37,499,356290
37,528,356575
37,578,356860
37,616,357145
37,620,357430
37,642,357715
37,643,358000
37,688,358266
37,703,358551
37,705,358836
37,724,359121
37,752,359406
37,756,359691
37,762,359976
37,792,360242
37,795,360508
37,804,360641
37,807,360869
37,826,361154
37,840,361439
37,860,361667
38,008,361933
38,031,362199
38,040,362351
38,051,362636
38,056,362864
38,070,363149
38,100,363415
38,112,363700
38,124,363947
38,191,364194
38,196,364479
38,203,364764
38,208,365049
38,233,365334
38,246,365619
38,250,365904
38,268,366189
38,276,366341
38,300,366626
38,348,366911
38,352,367196
38,372,367481
38,376,367766
38,380,368013
38,398,368298
38,417,368526
38,428,368792
38,440,369077
38,442,369362
38,470,369647
38,498,369932
38,499,370198
38,528,370483
38,578,370768
38,616,371053
38,620,371338
38,642,371623
38,643,371908
38,688,372174
38,703,372459
38,705,372744
38,724,373029
38,752,373314
38,756,373599
38,762,373884
38,792,374150
38,795,374416
38,804,374549
38,807,374777
38,826,375062
38,840,375347
38,860,375575
39,008,375841
39,031,376082
39,040,376329
39,051,376609
39,056,376837
39,070,377117
39,100,377383
39,112,377612
39,124,377840
39,191,378071
39,196,378351
39,203,378617
39,208,378897
39,233,379106
39,246,379353
39,250,379562
39,268,379789
39,276,380055
39,300,380349
39,348,380629
39,352,380909
39,372,381175
39,376,381405
39,380,381685
39,398,381979
39,417,382239
39,428,382526
39,438,382792
39,440,383043
39,442,383309
39,470,383555
39,498,383799
39,499,384065
39,528,384141
39,578,384419
39,616,384694
39,620,384974
39,642,385234
39,643,385509
39,688,385824
39,703,386084
39,705,386340
39,724,386617
39,752,386848
39,756,387128
39,762,387408
39,792,387560
39,795,387875
39,804,387932
39,807,388212
39,826,388478
39,840,388772
39,860,389080
40,008,389322
40,031,389556
40,040,389796
40,051,390048
40,056,390264
40,070,390524
40,100,390776
40,112,391033
40,124,391260
40,191,391488
40,196,391740
40,203,391981
40,208,392242
40,233,392494
40,246,392743
40,250,392995
40,268,393261
40,276,393513
40,300,393779
40,348,394043
40,352,394303
40,372,394539
40,376,394791
40,380,395043
40,398,395309
40,417,395556
40,428,395834
40,438,396086
40,440,396310
40,442,396562
40,470,396800
40,498,397037
40,499,397289
40,528,397357
40,578,397611
40,616,397863
40,620,398129
40,642,398387
40,643,398653
40,688,398953
40,703,399207
40,705,399459
40,724,399711
40,752,399977
40,756,400229
40,762,400481
40,792,400643
40,795,400928
40,804,401000
40,807,401266
40,826,401518
40,840,401784
40,860,402064
42,008,402292
42,031,402392
42,040,402623
42,051,402791
42,056,402831
42,070,403041
42,100,403188
42,112,403482
42,124,403546
42,191,403700
42,203,403994
42,208,404288
42,233,404477
42,246,404745
42,250,405039
42,268,405281
42,276,405428
42,300,405692
42,348,405881
42,372,406154
42,376,406343
42,380,406443
42,398,406751
42,417,406968
42,428,407208
42,438,407502
42,440,407664
42,442,407937
42,498,408077
42,528,408308
42,578,408560
42,616,408833
42,620,409141
42,642,409330
42,643,409638
42,688,409902
42,703,410049
42,705,410343
42,724,410637
42,752,410901
42,756,411165
42,792,411249
42,804,411543
42,807,411697
42,826,411957
42,840,412199
42,860,412475
43,008,412496
43,031,412800
43,040,413091
43,051,413379
43,056,413664
43,070,413952
43,100,414142
43,112,414441
43,124,414729
43,191,415017
43,196,415318
43,203,415610
43,208,415898
43,233,416186
43,246,416483
43,250,416771
43,268,417062
43,276,417366
43,300,417657
43,348,417956
43,352,418249
43,372,418537
43,376,418831
43,380,419122
43,398,419415
43,417,419705
43,428,419994
43,438,420294
43,440,420582
43,442,420881
43,470,421169
43,498,421457
43,499,421745
43,528,421973
43,578,422261
43,616,422549
43,620,422846
43,642,423141
43,643,423429
43,688,423682
43,703,423986
43,705,424289
43,724,424578
43,752,424879
43,756,425167
43,762,425455
43,792,425725
43,795,426017
43,804,426125
43,807,426415
43,826,426681
43,840,426969
43,860,427257
44,008,427401
44,031,427571
44,040,427759
44,056,428011
44,070,428263
44,100,428370
44,112,428622
44,124,428658
44,191,428892
44,196,429144
44,203,429396
44,208,429648
44,233,429828
44,246,430080
44,250,430332
44,268,430584
44,276,430792
44,300,431044
44,348,431152
44,352,431404
44,372,431548
44,376,431746
44,380,431854
44,398,432106
44,417,432264
44,428,432417
44,440,432669
44,442,432921
44,470,433155
44,498,433407
44,499,433633
44,528,433651
44,578,433867
44,616,434119
44,620,434371
44,642,434497
44,643,434749
44,688,434893
44,703,435037
44,705,435289
44,724,435541
44,752,435775
44,756,436027
44,792,436261
44,795,436503
44,804,436520
44,807,436610
44,826,436826
44,840,437042
45,008,437222
45,020,437402
45,031,437453
45,040,437651
45,056,437889
45,070,438127
45,100,438229
45,112,438467
45,124,438501
45,191,438705
45,196,438943
45,203,439180
45,208,439418
45,233,439588
45,246,439826
45,250,440061
45,268,440299
45,276,440513
45,300,440747
45,348,440849
45,352,441087
45,372,441221
45,376,441406
45,380,441508
45,398,441745
45,417,441904
45,428,442066
45,438,442305
45,440,442401
45,442,442639
45,470,442859
45,498,443083
45,499,443316
45,528,443333
45,578,443533
45,616,443766
45,620,444004
45,642,444123
45,643,444361
45,688,444500
45,703,444636
45,705,444874
45,724,445112
45,752,445331
45,756,445563
45,792,445778
45,804,446017
45,807,446104
45,826,446308
45,840,446508
46,008,446678
46,020,446858
46,031,446912
46,040,447110
46,056,447375
46,070,447639
46,100,447753
46,112,447969
46,124,448005
46,191,448212
46,196,448478
46,203,448734
46,208,448986
46,233,449112
46,246,449346
46,250,449544
46,268,449742
46,276,449967
46,300,450224
46,348,450332
46,352,450584
46,372,450728
46,376,450908
46,380,451022
46,398,451279
46,417,451445
46,428,451616
46,438,451870
46,440,451978
46,442,452230
46,470,452446
46,498,452680
46,499,452918
46,528,452936
46,578,453151
46,616,453403
46,620,453655
46,642,453783
46,643,454035
46,688,454181
46,703,454333
46,705,454567
46,724,454829
46,752,455009
46,756,455261
46,792,455495
46,804,455761
46,807,455852
46,826,456076
46,840,456297
47,008,456487
47,031,456563
47,040,456734
47,051,456810
47,056,456848
47,100,457048
47,112,457314
47,124,457332
47,191,457458
47,203,457724
47,233,458004
47,246,458270
47,250,458536
47,268,458707
47,276,458726
47,300,458986
47,348,459157
47,372,459413
47,376,459565
47,380,459698
47,398,459945
47,417,460071
47,428,460233
47,440,460499
47,442,460746
47,498,460906
47,528,461096
47,578,461210
47,616,461457
47,620,461737
47,642,461908
47,643,462174
47,688,462318
47,703,462413
47,705,462679
47,724,462959
47,752,463016
47,792,463244
47,804,463491
47,807,463548
47,826,463795
47,840,464015
47,860,464243
48,008,464279
48,031,464508
48,040,464737
48,051,464980
48,056,465190
48,070,465436
48,100,465674
48,112,465923
48,124,466138
48,191,466342
48,196,466590
48,203,466837
48,208,467084
48,233,467322
48,246,467568
48,250,467806
48,268,467980
48,276,468232
48,300,468470
48,348,468720
48,352,468966
48,372,469207
48,376,469447
48,380,469685
48,398,469929
48,417,470163
48,428,470433
48,438,470682
48,440,470800
48,442,471049
48,470,471293
48,498,471531
48,499,471782
48,528,471851
48,578,472089
48,616,472327
48,620,472577
48,642,472753
48,643,473004
48,688,473274
48,703,473522
48,705,473769
48,724,474016
48,752,474260
48,756,474498
48,762,474736
48,792,474889
48,795,475144
48,804,475216
48,807,475468
48,826,475706
48,840,475944
48,860,476196
49,008,476400
49,031,476631
49,040,476865
49,051,477131
49,056,477350
49,070,477616
49,100,477882
49,112,478107
49,124,478323
49,191,478532
49,196,478798
49,203,479064
49,208,479330
49,233,479535
49,246,479782
49,250,479991
49,268,480124
49,276,480385
49,300,480651
49,348,480917
49,352,481183
49,372,481449
49,376,481677
49,380,481943
49,398,482209
49,417,482451
49,428,482729
49,438,482995
49,440,483128
49,442,483394
49,470,483641
49,498,483888
49,499,484141
49,528,484217
49,578,484479
49,616,484745
49,620,485011
49,642,485182
49,643,485443
49,688,485728
49,703,485975
49,705,486222
49,724,486488
49,752,486697
49,756,486963
49,762,487229
49,792,487373
49,795,487658
49,804,487712
49,807,487969
49,826,488234
49,840,488500
49,860,488769
50,008,488987
50,020,489139
50,031,489189
50,040,489342
50,051,489437
50,100,489590
50,112,489680
50,191,489770
50,196,489960
50,203,490117
50,208,490231
50,233,490326
50,246,490416
50,268,490507
50,276,490579
50,300,490659
50,348,490754
50,352,490849
50,376,490934
50,380,491096
50,398,491153
50,417,491248
50,428,491414
50,440,491505
50,442,491597
50,498,491669
50,528,491795
50,616,491871
50,642,491966
50,643,492038
50,703,492198
50,705,492369
50,752,492464
50,756,492557
50,762,492728
50,792,492762
50,804,492897
50,807,493087
50,826,493249
50,840,493349
51,031,493538
51,040,493731
51,051,494011
51,056,494065
51,070,494305
51,100,494418
51,112,494694
51,124,494733
51,191,494838
51,196,495107
51,203,495331
51,208,495611
51,233,495871
51,246,496118
51,250,496398
51,268,496692
51,276,496836
51,300,497130
51,348,497170
51,352,497450
51,372,497558
51,380,497815
51,398,498025
51,417,498164
51,428,498295
51,438,498568
51,440,498676
51,442,498954
51,498,499068
51,499,499219
51,528,499289
51,578,499549
51,616,499769
51,620,500059
51,642,500279
51,643,500559
51,688,500706
51,703,500841
51,705,501121
51,724,501396
51,752,501669
51,756,501949
51,762,502129
51,792,502186
51,804,502459
51,807,502539
51,826,502766
51,840,502955
51,860,502999
52,008,503038
52,031,503160
52,040,503342
52,051,503595
52,056,503680
52,070,503892
52,100,504028
52,112,504294
52,124,504392
52,191,504582
52,203,504847
52,208,505113
52,233,505303
52,246,505555
52,250,505821
52,268,506101
52,276,506245
52,300,506465
52,348,506673
52,372,506924
52,376,507114
52,380,507245
52,398,507465
52,417,507605
52,428,507809
52,440,508061
52,442,508313
52,498,508385
52,499,508529
52,528,508597
52,578,508697
52,616,508849
52,620,509129
52,642,509338
52,643,509606
52,688,509795
52,703,509921
52,705,510188
52,724,510440
52,752,510680
52,756,510953
52,762,511213
52,792,511264
52,804,511530
52,807,511650
52,826,511862
52,840,512082
52,860,512332
53,008,512370
53,031,512489
53,040,512661
53,051,512941
53,056,512995
53,070,513204
53,100,513333
53,112,513561
53,124,513661
53,191,513850
53,203,514116
53,208,514396
53,233,514567
53,246,514836
53,250,515108
53,268,515388
53,276,515540
53,300,515727
53,348,515907
53,372,516155
53,376,516295
53,380,516427
53,398,516627
53,417,516774
53,428,516990
53,440,517270
53,442,517547
53,498,517619
53,499,517769
53,528,517840
53,578,518030
53,616,518182
53,620,518462
53,642,518633
53,643,518913
53,688,519111
53,703,519244
53,705,519514
53,724,519780
53,752,520015
53,756,520295
53,762,520555
53,792,520610
53,804,520881
53,807,521007
53,826,521241
53,840,521441
53,860,521727
54,008,521767
54,020,522008
54,031,522059
54,040,522306
54,051,522586
54,056,522813
54,070,523093
54,100,523321
54,112,523587
54,124,523777
54,191,524029
54,196,524309
54,203,524573
54,208,524853
54,233,525100
54,246,525366
54,250,525632
54,268,525915
54,276,526181
54,300,526475
54,348,526755
54,352,527035
54,372,527290
54,376,527518
54,380,527758
54,398,528052
54,417,528312
54,428,528597
54,438,528863
54,440,529091
54,442,529357
54,470,529610
54,498,529871
54,499,530137
54,528,530194
54,578,530471
54,616,530737
54,620,531017
54,642,531297
54,643,531572
54,688,531887
54,703,532167
54,705,532433
54,724,532705
54,752,532988
54,756,533268
54,762,533548
54,792,533700
54,795,534008
54,804,534046
54,807,534326
54,826,534592
54,840,534886
54,860,535194
55,040,535434
55,056,535702
55,100,535950
55,124,536173
55,191,536213
55,203,536462
55,246,536704
55,250,536950
55,276,537216
55,348,537496
55,398,537761
55,417,537880
55,440,538056
55,498,538266
55,528,538394
55,616,538594
55,642,538819
55,643,539071
55,688,539211
55,703,539342
55,756,539596
55,804,539664
55,826,539740
55,840,539938
55,891,539980
56,008,540076
56,040,540166
56,100,540446
56,191,540715
56,203,540981
56,208,541255
56,250,541395
56,276,541615
56,398,541715
56,428,541918
56,440,542191
56,528,542451
56,616,542556
56,642,542836
56,724,543072
56,756,543332
56,826,543579
56,840,543831
57,008,543875
57,020,544118
57,031,544172
57,040,544419
57,051,544699
57,056,544927
57,070,545207
57,100,545475
57,112,545707
57,124,545936
57,191,546167
57,196,546447
57,203,546713
57,208,546993
57,233,547202
57,246,547449
57,250,547658
57,268,547885
57,276,548151
57,300,548445
57,348,548725
57,352,549005
57,372,549271
57,376,549502
57,380,549782
57,398,550076
57,417,550336
57,428,550623
57,438,550889
57,440,551140
57,442,551406
57,470,551653
57,498,551897
57,499,552163
57,528,552239
57,578,552517
57,616,552793
57,620,553073
57,642,553333
57,643,553608
57,688,553923
57,703,554183
57,705,554439
57,724,554716
57,752,554947
57,756,555227
57,762,555507
57,792,555659
57,795,555974
57,804,556031
57,807,556311
57,826,556577
57,840,556871
57,860,557179
58,008,557421
58,020,557655
58,031,557706
58,040,557940
58,051,558178
58,056,558394
58,070,558632
58,100,558839
58,112,559088
58,124,559268
58,191,559472
58,196,559710
58,203,559948
58,208,560186
58,233,560407
58,246,560648
58,250,560886
58,268,561124
58,276,561375
58,300,561613
58,348,561856
58,352,562094
58,372,562331
58,376,562535
58,380,562739
58,398,562977
58,417,563211
58,428,563481
58,438,563723
58,440,563938
58,442,564185
58,470,564423
58,498,564659
58,499,564911
58,528,564962
58,578,565202
58,616,565440
58,620,565690
58,642,565928
58,643,566176
58,688,566446
58,703,566685
58,705,566923
58,724,567161
58,752,567399
58,756,567637
58,762,567875
58,792,568019
58,795,568274
58,804,568310
58,807,568562
58,826,568801
58,840,569039
58,860,569277
59,008,569493
59,020,569563
59,031,569611
59,040,569809
59,051,570056
59,056,570128
59,100,570360
59,112,570612
59,124,570702
59,191,570810
59,196,571059
59,203,571295
59,208,571547
59,233,571717
59,246,571955
59,250,572193
59,268,572445
59,276,572589
59,300,572841
59,348,573039
59,352,573273
59,372,573433
59,376,573603
59,380,573835
59,398,574089
59,417,574179
59,428,574359
59,440,574606
59,442,574839
59,470,574987
59,498,575179
59,528,575322
59,578,575494
59,616,575732
59,620,575996
59,642,576248
59,643,576506
59,688,576701
59,703,576791
59,705,576987
59,724,577225
59,752,577459
59,756,577680
59,762,577903
59,792,577975
59,795,578227
59,804,578263
59,807,578491
59,826,578729
59,840,578945
60,008,579211
60,020,579262
60,031,579313
60,040,579478
60,051,579668
60,056,579740
60,100,579930
60,112,580044
60,124,580139
60,191,580199
60,196,580389
60,203,580551
60,208,580741
60,233,580921
60,246,581101
60,250,581281
60,268,581481
60,276,581630
60,300,581830
60,348,582020
60,352,582210
60,372,582383
60,376,582550
60,380,582797
60,398,582997
60,417,583092
60,428,583282
60,440,583471
60,442,583585
60,470,583746
60,498,583907
60,528,584055
60,578,584245
60,616,584389
60,620,584589
60,642,584760
60,643,584952
60,703,585152
60,705,585341
60,724,585521
60,752,585721
60,756,585892
60,762,586082
60,792,586154
60,795,586414
60,804,586450
60,807,586688
60,826,586927
60,840,587127
61,008,587347
61,020,587417
61,031,587465
61,040,587591
61,051,587771
61,056,587891
61,070,588073
61,100,588109
61,112,588199
61,124,588289
61,191,588365
61,196,588491
61,203,588576
61,208,588756
61,233,588936
61,246,589108
61,250,589288
61,268,589478
61,276,589550
61,300,589740
61,348,589928
61,352,590108
61,372,590277
61,376,590439
61,380,590637
61,398,590827
61,417,590917
61,428,591097
61,440,591277
61,442,591367
61,470,591520
61,498,591664
61,528,591807
61,578,591987
61,616,592131
61,620,592302
61,642,592465
61,643,592647
61,703,592844
61,705,592988
61,724,593168
61,752,593358
61,756,593520
61,762,593646
61,792,593680
61,795,593927
61,804,593963
61,807,594191
61,826,594378
61,840,594568
62,008,594708
62,020,594759
62,031,594810
62,040,594937
62,051,595137
62,056,595263
62,070,595463
62,100,595501
62,112,595596
62,124,595691
62,191,595754
62,196,595894
62,203,595989
62,208,596189
62,233,596379
62,246,596566
62,250,596756
62,268,596957
62,276,597029
62,300,597239
62,348,597439
62,352,597639
62,372,597820
62,376,597991
62,380,598211
62,398,598421
62,417,598516
62,428,598701
62,440,598891
62,442,598986
62,470,599148
62,498,599310
62,528,599454
62,578,599654
62,616,599806
62,620,599986
62,642,600166
62,643,600359
62,703,600559
62,705,600711
62,724,600905
62,752,601105
62,756,601285
62,762,601425
62,792,601461
62,795,601724
62,804,601760
62,807,601997
62,826,602203
62,840,602413
200,008,602567
200,031,602643
200,051,602681
200,070,602855
200,100,602912
200,112,602969
200,191,603178
200,233,603254
200,268,603349
200,348,603549
200,398,603644
200,417,603797
200,428,603971
200,440,604085
200,498,604180
200,499,604373
200,616,604487
200,642,604696
200,643,604924
200,688,605095
200,703,605266
200,705,605380
200,762,605437
200,792,605516
200,804,605687
200,807,605858
210,031,606029
210,051,606285
210,070,606465
210,112,606525
210,268,606798
210,398,606898
210,417,607154
210,498,607374
210,499,607654
210,642,607848
210,643,607908
210,688,608068
210,792,608145
220,008,608305
220,031,608425
220,040,608625
220,051,608885
220,056,609025
220,070,609285
220,100,609425
220,112,609685
220,124,609705
220,191,609965
220,196,610205
220,203,610465
220,208,610725
220,233,610985
220,246,611245
220,250,611505
220,268,611765
220,276,612025
220,300,612285
220,348,612545
220,352,612805
220,372,613065
220,376,613325
220,380,613585
220,398,613845
220,417,614005
220,428,614065
220,440,614325
220,442,614585
220,470,614845
220,498,615105
220,499,615365
220,528,615505
220,578,615765
220,616,616025
220,620,616285
220,642,616545
220,643,616805
220,688,617065
220,703,617205
220,705,617465
220,724,617725
220,752,617985
220,756,618245
220,762,618505
220,792,618545
220,804,618805
220,807,618965
220,826,619185
220,840,619445
230,008,619705
230,031,619865
230,051,620125
230,070,620385
230,100,620465
230,112,620525
230,191,620651
230,268,620731
230,398,620831
230,417,621091
230,428,621351
230,440,621411
230,498,621451
230,499,621711
230,616,621931
230,642,621971
230,688,622151
230,762,622271
230,792,622351
230,795,622551
230,804,622571
230,807,622631
230,860,622712
240,008,622772
240,031,622912
240,040,623172
240,051,623432
240,056,623652
240,070,623912
240,100,624052
240,112,624312
240,124,624552
240,191,624812
240,196,625072
240,203,625332
240,208,625592
240,233,625852
240,246,626112
240,250,626372
240,268,626632
240,276,626852
240,300,627112
240,348,627372
240,352,627632
240,372,627892
240,376,628152
240,380,628412
240,398,628672
240,417,628872
240,428,629052
240,440,629312
240,442,629552
240,470,629752
240,498,630012
240,499,630272
240,528,630392
240,578,630652
240,616,630912
240,620,631172
240,642,631432
240,643,631692
240,688,631952
240,703,632172
240,705,632432
240,724,632692
240,752,632952
240,756,633212
240,762,633472
240,792,633632
240,795,633892
240,804,633912
240,807,634172
240,826,634432
240,840,634692
240,860,634952
250,008,635112
250,031,635372
250,040,635632
250,051,635879
250,056,636139
250,070,636386
250,100,636634
250,112,636894
250,124,637146
250,191,637393
250,196,637640
250,203,637887
250,208,638134
250,233,638381
250,246,638630
250,250,638877
250,268,639124
250,276,639384
250,300,639631
250,348,639878
250,352,640127
250,372,640374
250,376,640621
250,380,640868
250,398,641115
250,417,641375
250,428,641635
250,440,641891
250,442,642143
250,470,642390
250,498,642637
250,499,642897
250,528,643150
250,578,643397
250,616,643644
250,620,643891
250,642,644138
250,643,644398
250,688,644658
250,703,644909
250,705,645161
250,724,645408
250,752,645655
250,756,645902
250,762,646149
250,792,646409
250,795,646669
250,804,646929
250,807,647189
250,826,647446
250,840,647693
250,860,647940
260,008,648200
260,031,648380
260,051,648640
260,070,648799
260,112,648932
260,191,649167
260,203,649206
260,268,649244
260,398,649324
260,417,649584
260,428,649824
260,440,649903
260,498,649942
260,499,650202
260,642,650337
260,643,650537
260,688,650577
260,705,650634
260,762,650654
260,792,650754
260,795,650814
260,804,650854
260,807,651114
260,860,651171
270,008,651271
270,031,651531
270,040,651803
270,051,652059
270,056,652319
270,070,652578
270,100,652838
270,112,653098
270,124,653358
270,191,653605
270,196,653865
270,203,654112
270,208,654366
270,233,654615
270,246,654875
270,250,655125
270,268,655381
270,276,655654
270,300,655902
270,348,656149
270,352,656409
270,372,656656
270,376,656915
270,380,657163
270,398,657410
270,417,657683
270,428,657956
270,440,658219
270,442,658481
270,470,658730
270,498,658981
270,499,659254
270,528,659414
270,578,659662
270,616,659909
270,620,660169
270,642,660429
270,643,660701
270,688,660972
270,703,661132
270,705,661388
270,724,661646
270,752,661906
270,756,662153
270,762,662400
270,792,662673
270,795,662933
270,804,663204
270,807,663475
270,826,663735
270,840,663995
270,860,664242
280,008,664514
280,031,664571
280,040,664628
280,051,664688
280,056,664745
280,070,664805
280,100,664862
280,112,664921
280,124,664978
280,191,665035
280,196,665094
280,203,665154
280,208,665214
280,233,665274
280,246,665334
280,250,665394
280,268,665454
280,276,665511
280,300,665571
280,348,665631
280,352,665690
280,372,665749
280,376,665808
280,380,665868
280,398,665928
280,417,665985
280,428,666042
280,440,666102
280,442,666162
280,470,666222
280,498,666279
280,499,666336
280,528,666396
280,578,666456
280,616,666515
280,620,666575
280,642,666635
280,643,666695
280,688,666755
280,703,666812
280,705,666872
280,724,666931
280,752,666991
280,756,667051
280,762,667111
280,792,667168
280,795,667225
280,804,667282
280,807,667339
280,826,667396
280,840,667456
280,860,667516
290,008,667573
290,031,667674
290,051,667896
290,070,668153
290,112,668253
290,191,668431
290,398,668471
290,417,668732
290,498,668970
290,499,669230
290,642,669251
290,688,669292
290,762,669333
290,792,669409
300,008,669609
300,031,669909
300,040,670229
300,051,670609
300,056,670949
300,070,671329
300,100,671609
300,112,671929
300,124,672269
300,191,672349
300,196,672669
300,203,673029
300,208,673389
300,233,673769
300,246,674109
300,250,674469
300,268,674749
300,276,675069
300,300,675389
300,348,675749
300,352,676089
300,372,676369
300,376,676669
300,380,677029
300,398,677389
300,417,677709
300,428,678049
300,440,678369
300,442,678689
300,470,678969
300,498,679249
300,499,679569
300,528,679849
300,578,680229
300,616,680609
300,620,680929
300,642,681309
300,643,681649
300,688,681709
300,703,682049
300,705,682349
300,724,682689
300,752,683049
300,756,683389
300,762,683709
300,792,684029
300,795,684269
300,804,684449
300,807,684789
300,826,685089
300,840,685429
300,860,685789
303,008,686109
303,031,686409
303,040,686729
303,051,687109
303,056,687449
303,070,687829
303,100,688129
303,112,688449
303,124,688789
303,191,688869
303,196,689189
303,203,689549
303,208,689909
303,233,690289
303,246,690629
303,250,690989
303,268,691269
303,276,691589
303,300,691909
303,348,692269
303,352,692609
303,372,692889
303,376,693189
303,380,693549
303,398,693909
303,417,694229
303,428,694569
303,440,694889
303,442,695209
303,470,695529
303,498,695809
303,499,696129
303,528,696409
303,578,696789
303,616,697169
303,620,697489
303,642,697869
303,643,698209
303,688,698269
303,703,698609
303,705,698929
303,724,699269
303,752,699629
303,756,699969
303,762,700289
303,792,700609
303,795,700849
303,804,701029
303,807,701369
303,826,701689
303,840,702029
303,860,702389
304,031,702709
304,040,702994
304,051,703308
304,056,703555
304,100,703915
304,112,704295
304,191,704615
304,196,704915
304,203,705214
304,208,705442
304,233,705742
304,246,706082
304,268,706302
304,276,706492
304,300,706832
304,348,706908
304,352,707238
304,376,707598
304,380,707778
304,398,708074
304,417,708305
304,428,708591
304,440,708911
304,498,709251
304,499,709571
304,528,709824
304,578,710084
304,616,710404
304,620,710651
304,642,710951
304,643,711274
304,688,711534
304,703,711848
304,705,712002
304,724,712322
304,752,712522
304,762,712842
304,795,713089
304,804,713224
304,807,713484
304,826,713755
304,840,713815
304,860,713875
305,040,714009
305,056,714369
305,070,714589
305,124,714649
305,191,714969
305,196,715109
305,203,715209
305,233,715429
305,246,715709
305,250,715949
305,276,716209
305,300,716529
305,348,716849
305,372,717169
305,376,717489
305,380,717869
305,428,718209
305,440,718489
305,442,718749
305,498,719029
305,528,719109
305,578,719369
305,616,719549
305,620,719889
305,642,720209
305,688,720549
305,724,720569
305,752,720929
305,756,721109
305,826,721449
305,840,721729
306,031,721929
306,040,722088
306,056,722348
306,100,722568
306,112,722788
306,124,722888
306,191,722928
306,196,723108
306,203,723348
306,208,723608
306,233,723868
306,246,724108
306,250,724368
306,276,724568
306,300,724808
306,348,725068
306,352,725308
306,372,725548
306,376,725808
306,380,725848
306,428,726108
306,440,726348
306,442,726588
306,470,726848
306,499,727068
306,528,727088
306,578,727308
306,616,727568
306,620,727808
306,642,728048
306,643,728267
306,688,728447
306,703,728607
306,705,728847
306,724,729087
306,752,729347
306,756,729607
306,792,729887
306,804,730085
306,807,730203
306,826,730383
306,840,730643
307,031,730742
307,040,730902
307,056,731162
307,100,731382
307,112,731602
307,124,731702
307,191,731742
307,196,731922
307,203,732162
307,208,732422
307,233,732682
307,246,732922
307,250,733182
307,276,733382
307,300,733622
307,348,733882
307,352,734122
307,372,734362
307,376,734622
307,380,734662
307,428,734922
307,440,735162
307,442,735402
307,470,735662
307,499,735882
307,528,735902
307,578,736122
307,616,736382
307,620,736622
307,642,736862
307,643,737082
307,688,737262
307,703,737422
307,705,737662
307,724,737902
307,752,738162
307,756,738422
307,792,738702
307,804,738902
307,807,739020
307,826,739200
307,840,739460
308,008,739560
308,031,739637
308,040,740017
308,051,740392
308,056,740432
308,100,740811
308,112,741191
308,124,741251
308,191,741571
308,196,741649
308,203,742009
308,208,742283
308,233,742662
308,246,742982
308,250,743302
308,268,743462
308,276,743842
308,300,744202
308,348,744522
308,352,744900
308,372,745239
308,376,745618
308,380,745898
308,398,746271
308,417,746311
308,428,746371
308,440,746711
308,442,746751
308,470,747050
308,498,747247
308,528,747587
308,578,747847
308,616,748227
308,620,748305
308,642,748622
308,643,748934
308,688,748974
308,703,749234
308,705,749312
308,724,749690
308,752,750068
308,756,750368
308,762,750667
308,792,750847
308,807,751003
308,826,751023
308,840,751243
309,008,751583
309,031,751662
309,040,752042
309,051,752419
309,056,752459
309,100,752839
309,112,753219
309,124,753279
309,191,753599
309,196,753678
309,203,754038
309,208,754318
309,233,754698
309,246,755018
309,250,755338
309,268,755498
309,276,755878
309,300,756238
309,348,756558
309,352,756937
309,372,757277
309,376,757656
309,380,757936
309,398,758309
309,417,758349
309,428,758409
309,440,758749
309,442,758789
309,470,759089
309,498,759289
309,528,759629
309,578,759889
309,616,760269
309,620,760347
309,642,760658
309,643,760974
309,688,761014
309,703,761274
309,705,761354
309,724,761733
309,752,762112
309,756,762412
309,762,762712
309,792,762892
309,807,763050
309,826,763070
309,840,763290
310,008,763630
310,040,763785
310,056,764059
310,100,764252
310,124,764563
310,191,764921
310,196,765234
310,203,765354
310,208,765514
310,233,765594
310,246,765954
310,250,766171
310,268,766330
310,276,766539
310,300,766859
310,348,767052
310,352,767389
310,372,767685
310,376,768022
310,380,768242
310,398,768508
310,428,768823
310,440,769123
310,442,769423
310,498,769595
310,499,769903
310,528,769962
310,578,770182
310,616,770362
310,620,770679
310,642,770983
310,688,771163
310,705,771283
310,724,771643
310,752,771776
310,756,772035
310,792,772153
310,804,772362
310,826,772382
311,008,772602
311,031,772782
311,040,773102
311,051,773442
311,056,773462
311,070,773742
311,100,773802
311,112,774142
311,124,774182
311,191,774502
311,196,774842
311,203,775181
311,208,775521
311,233,775861
311,246,776221
311,250,776541
311,268,776881
311,276,777041
311,300,777381
311,348,777721
311,352,778061
311,372,778421
311,376,778781
311,380,779121
311,398,779461
311,417,779761
311,428,779941
311,440,780281
311,442,780621
311,470,780961
311,498,781281
311,499,781601
311,528,781721
311,578,782061
311,616,782381
311,620,782721
311,642,783061
311,643,783401
311,688,783681
311,703,783921
311,705,784261
311,724,784601
311,752,784941
311,756,785261
311,762,785621
311,792,785661
311,804,785858
311,807,786118
311,826,786418
311,840,786758
313,008,786938
313,040,787118
313,051,787478
313,056,787556
313,070,787915
313,100,787975
313,112,788315
313,124,788355
313,191,788495
313,196,788815
313,203,789134
313,208,789454
313,233,789814
313,246,790154
313,250,790514
313,268,790874
313,276,791154
313,300,791514
313,348,791873
313,352,792213
313,372,792553
313,376,792913
313,380,793212
313,398,793572
313,417,793872
313,428,794032
313,440,794332
313,442,794652
313,470,794992
313,498,795151
313,499,795471
313,528,795491
313,578,795811
313,616,796151
313,620,796491
313,642,796831
313,643,797151
313,688,797371
313,703,797571
313,705,797891
313,724,798211
313,752,798551
313,756,798891
313,762,799231
313,792,799271
313,804,799594
313,807,799814
313,826,800114
314,008,800474
314,031,800834
314,040,801141
314,051,801483
314,056,801703
314,070,802048
314,100,802248
314,112,802582
314,124,802848
314,191,803133
314,196,803433
314,203,803778
314,208,804083
314,233,804426
314,246,804755
314,250,805102
314,268,805449
314,276,805787
314,300,806132
314,348,806492
314,352,806781
314,372,807104
314,376,807452
314,380,807817
314,398,808171
314,417,808459
314,428,808632
314,440,808948
314,442,809263
314,470,809586
314,498,809871
314,499,810175
314,528,810415
314,578,810759
314,616,811063
314,620,811400
314,642,811729
314,643,812033
314,688,812300
314,703,812520
314,705,812840
314,724,813146
314,752,813486
314,756,813828
314,762,814151
314,792,814209
314,804,814541
314,807,814771
314,826,815071
314,840,815394
315,008,815679
315,031,816038
315,040,816344
315,051,816686
315,056,816906
315,070,817248
315,100,817448
315,112,817784
315,124,818050
315,191,818335
315,196,818631
315,203,818976
315,208,819280
315,233,819622
315,246,819955
315,250,820302
315,268,820646
315,276,820985
315,300,821331
315,348,821678
315,352,821968
315,372,822291
315,376,822642
315,380,823005
315,398,823349
315,417,823634
315,428,823806
315,440,824123
315,442,824439
315,470,824762
315,498,825047
315,499,825352
315,528,825592
315,578,825934
315,616,826238
315,620,826570
315,642,826898
315,643,827202
315,688,827469
315,703,827689
315,705,828007
315,724,828311
315,752,828643
315,756,828985
315,762,829308
315,792,829366
315,804,829695
315,807,829926
315,826,830226
315,840,830550
316,008,830837
316,031,830997
316,040,831137
316,051,831497
316,056,831717
316,070,832077
316,100,832117
316,112,832477
316,124,832777
316,191,833057
316,196,833417
316,203,833777
316,208,834137
316,233,834497
316,246,834857
316,250,835217
316,268,835577
316,276,835717
316,300,836057
316,348,836417
316,352,836777
316,372,837137
316,376,837497
316,380,837817
316,398,838177
316,417,838457
316,428,838737
316,440,839097
316,442,839457
316,470,839817
316,498,840177
316,499,840517
316,528,840857
316,578,841217
316,616,841577
316,620,841937
316,642,842297
316,643,842657
316,688,842957
316,703,843317
316,705,843677
316,724,844037
316,752,844397
316,756,844757
316,762,845117
316,792,845437
316,795,845557
316,804,845597
316,807,845897
316,826,846217
316,840,846577
316,860,846877
317,008,847077
317,031,847237
317,040,847377
317,051,847737
317,056,847957
317,070,848317
317,100,848357
317,112,848717
317,124,849017
317,191,849297
317,196,849657
317,203,850017
317,208,850377
317,233,850737
317,246,851097
317,250,851457
317,268,851817
317,276,851957
317,300,852297
317,348,852657
317,352,853017
317,372,853377
317,376,853737
317,380,854057
317,398,854417
317,417,854697
317,428,854977
317,440,855337
317,442,855697
317,470,856057
317,498,856417
317,499,856757
317,528,857097
317,578,857457
317,616,857817
317,620,858177
317,642,858537
317,643,858897
317,688,859197
317,703,859557
317,705,859917
317,724,860277
317,752,860637
317,756,860997
317,762,861357
317,792,861677
317,795,861797
317,804,861837
317,807,862137
317,826,862457
317,840,862817
317,860,863117
318,008,863317
318,031,863412
318,040,863736
318,056,864116
318,070,864456
318,100,864555
318,112,864635
318,124,864675
318,191,864795
318,196,864875
318,203,864955
318,208,865175
318,233,865535
318,246,865855
318,250,866235
318,268,866375
318,276,866695
318,300,867015
318,348,867055
318,352,867155
318,372,867175
318,376,867495
318,380,867875
318,398,868155
318,417,868195
318,428,868234
318,440,868274
318,442,868314
318,498,868394
318,499,868474
318,528,868514
318,578,868894
318,616,869174
318,620,869294
318,642,869354
318,643,869414
318,688,869454
318,703,869534
318,705,869594
318,724,869694
318,752,869794
318,756,870094
318,762,870294
318,792,870332
318,804,870541
318,807,870801
318,826,870840
318,840,871200
319,008,871560
319,020,871644
319,040,871724
319,056,871812
319,070,871896
319,100,871984
319,112,872072
319,191,872160
319,196,872248
319,203,872332
319,208,872420
319,233,872504
319,246,872592
319,250,872684
319,268,872776
319,276,872864
319,300,872956
319,336,873044
319,348,873120
319,352,873208
319,372,873288
319,380,873372
319,428,873460
319,438,873548
319,440,873624
319,442,873712
319,470,873792
319,492,873868
319,498,873944
319,499,874028
319,528,874112
319,578,874196
319,616,874288
319,620,874376
319,642,874464
319,643,874552
319,688,874648
319,703,874736
319,705,874824
319,724,874912
319,752,875004
319,756,875096
319,792,875184
319,804,875276
319,807,875364
319,826,875448
320,008,875536
320,040,875616
320,056,875704
320,070,875788
320,100,875872
320,112,875956
320,191,876044
320,196,876128
320,203,876205
320,208,876289
320,233,876372
320,246,876456
320,250,876544
320,268,876632
320,276,876716
320,300,876804
320,336,876888
320,348,876964
320,352,877048
320,372,877124
320,380,877185
320,428,877273
320,438,877357
320,440,877433
320,442,877517
320,470,877597
320,492,877673
320,498,877749
320,499,877829
320,528,877911
320,578,877991
320,616,878077
320,620,878165
320,642,878228
320,643,878316
320,688,878408
320,703,878492
320,705,878576
320,724,878660
320,752,878747
320,756,878835
320,792,878919
320,804,879007
320,807,879095
320,826,879175
321,056,879259
321,100,879319
321,112,879382
321,191,879445
321,196,879506
321,203,879545
321,208,879605
321,246,879645
321,348,879665
321,352,879728
321,380,879785
321,428,879807
321,440,879865
321,616,879927
321,620,879948
321,642,880011
321,703,880032
321,705,880092
321,752,880149
321,792,880213
321,804,880276
322,008,880335
322,040,880607
322,056,880906
322,070,881192
322,100,881478
322,112,881764
322,191,882030
322,203,882052
322,208,882351
322,233,882637
322,246,882902
322,250,883201
322,268,883500
322,276,883653
322,300,883952
322,348,884238
322,372,884524
322,428,884788
322,438,885086
322,440,885346
322,442,885632
322,470,885905
322,498,886152
322,499,886404
322,528,886593
322,578,886875
322,616,887166
322,620,887465
322,642,887759
322,688,888058
322,703,888190
322,705,888476
322,724,888740
322,752,889039
322,756,889338
322,792,889625
322,804,889924
322,807,890221
322,826,890474
323,040,890762
323,056,890826
323,070,890889
323,100,890909
323,112,890969
323,191,891031
323,196,891094
323,203,891151
323,208,891214
323,233,891277
323,246,891339
323,250,891405
323,276,891471
323,300,891537
323,348,891597
323,352,891660
323,372,891717
323,380,891779
323,428,891842
323,440,891905
323,442,891966
323,470,892025
323,499,892082
323,528,892101
323,578,892161
323,616,892224
323,620,892288
323,642,892351
323,643,892414
323,703,892480
323,705,892543
323,724,892605
323,752,892671
323,756,892737
323,804,892800
323,807,892863
323,826,892883
324,008,892946
324,040,893003
324,056,893061
324,100,893118
324,196,893178
324,203,893235
324,208,893295
324,233,893352
324,246,893409
324,250,893469
324,276,893529
324,300,893589
324,348,893646
324,352,893706
324,372,893763
324,380,893820
324,428,893880
324,440,893940
324,442,893998
324,498,894055
324,499,894112
324,528,894150
324,578,894207
324,616,894264
324,620,894304
324,642,894362
324,643,894422
324,688,894484
324,703,894541
324,705,894601
324,724,894658
324,752,894718
324,756,894778
324,792,894835
324,804,894875
324,807,894915
324,826,894953
325,008,895013
325,040,895286
325,056,895572
325,070,895858
325,100,896131
325,112,896405
325,191,896683
325,196,896964
325,203,897237
325,208,897523
325,233,897809
325,246,898095
325,250,898381
325,268,898667
325,276,898936
325,300,899222
325,348,899495
325,352,899769
325,372,900049
325,380,900330
325,428,900616
325,438,900902
325,440,901049
325,442,901335
325,470,901621
325,498,901894
325,499,902167
325,528,902317
325,578,902603
325,616,902889
325,620,903168
325,642,903441
325,643,903714
325,688,903987
325,703,904137
325,705,904420
325,724,904706
325,752,904987
325,756,905273
325,792,905559
325,804,905832
325,807,906105
325,826,906378
326,008,906661
326,040,906909
326,056,907195
326,070,907481
326,100,907746
326,112,908019
326,191,908292
326,196,908565
326,203,908812
326,208,909095
326,233,909368
326,246,909641
326,250,909937
326,268,910223
326,276,910478
326,300,910777
326,348,911042
326,352,911315
326,372,911562
326,380,911835
326,428,912121
326,438,912394
326,440,912527
326,442,912800
326,470,913073
326,498,913320
326,499,913570
326,528,913708
326,578,913994
326,616,914280
326,620,914566
326,642,914852
326,643,915128
326,688,915414
326,703,915561
326,705,915838
326,724,916111
326,752,916397
326,756,916693
326,792,916978
326,804,917250
326,807,917523
326,826,917771
327,008,918057
327,040,918315
327,056,918601
327,070,918887
327,100,919149
327,112,919422
327,191,919695
327,196,919968
327,203,920239
327,208,920520
327,233,920806
327,246,921079
327,250,921363
327,268,921649
327,276,921903
327,300,922202
327,348,922475
327,352,922750
327,372,923008
327,380,923281
327,428,923567
327,438,923840
327,440,923973
327,442,924246
327,470,924519
327,498,924778
327,499,925038
327,528,925176
327,578,925462
327,616,925738
327,620,926024
327,642,926301
327,643,926574
327,688,926855
327,703,927002
327,705,927275
327,724,927548
327,752,927834
327,756,928120
327,792,928406
327,804,928690
327,807,928963
327,826,929223
