1,008,0
1,031,17
1,040,34
1,051,51
1,056,68
1,070,85
1,100,103
1,112,121
1,124,139
1,191,156
1,196,174
1,203,192
1,208,209
1,233,226
1,246,244
1,250,262
1,268,279
1,276,296
1,300,313
1,348,331
1,352,349
1,372,366
1,376,384
1,380,402
1,398,419
1,417,436
1,428,453
1,440,470
1,442,488
1,470,505
1,498,522
1,499,539
1,528,556
1,578,573
1,616,590
1,620,608
1,642,625
1,688,643
1,703,660
1,705,678
1,724,696
1,752,714
1,756,732
1,762,750
1,792,767
1,804,784
1,807,802
1,826,820
1,840,837
4,008,854
4,031,872
4,040,890
4,051,908
4,056,926
4,070,944
4,100,962
4,112,980
4,124,998
4,191,1016
4,196,1034
4,203,1052
4,208,1070
4,233,1088
4,246,1106
4,250,1124
4,268,1142
4,276,1160
4,300,1178
4,348,1196
4,352,1214
4,372,1232
4,376,1251
4,380,1269
4,398,1287
4,417,1305
4,428,1323
4,440,1341
4,442,1359
4,470,1378
4,498,1397
4,499,1415
4,528,1433
4,578,1451
4,616,1469
4,620,1487
4,642,1505
4,688,1523
4,703,1541
4,705,1559
4,724,1577
4,752,1595
4,756,1613
4,762,1631
4,792,1649
4,804,1667
4,807,1685
4,826,1703
4,840,1721
5,008,1739
5,031,1760
5,040,1781
5,051,1802
5,056,1822
5,070,1843
5,100,1864
5,112,1885
5,124,1906
5,191,1927
5,196,1948
5,203,1969
5,208,1990
5,233,2011
5,246,2032
5,250,2053
5,268,2074
5,276,2094
5,300,2115
5,348,2136
5,352,2157
5,372,2178
5,376,2199
5,380,2220
5,398,2241
5,417,2262
5,428,2282
5,440,2303
5,442,2324
5,470,2345
5,498,2366
5,499,2386
5,528,2407
5,578,2428
5,616,2449
5,620,2470
5,642,2491
5,688,2512
5,703,2533
5,705,2554
5,724,2575
5,752,2596
5,756,2617
5,762,2638
5,792,2658
5,804,2679
5,807,2699
5,826,2720
5,840,2741
6,008,2762
6,031,2780
6,040,2797
6,051,2814
6,056,2832
6,070,2849
6,100,2866
6,191,2883
6,196,2900
6,203,2917
6,208,2934
6,233,2951
6,246,2968
6,250,2985
6,276,3002
6,300,3019
6,348,3036
6,352,3053
6,372,3070
6,380,3087
6,398,3104
6,428,3121
6,440,3138
6,442,3155
6,470,3172
6,499,3189
6,528,3206
6,578,3223
6,616,3240
6,620,3257
6,642,3274
6,688,3291
6,703,3308
6,705,3325
6,724,3342
6,752,3359
6,756,3376
6,792,3393
6,804,3410
6,807,3428
6,826,3446
7,008,3463
7,031,3484
7,040,3506
7,051,3528
7,056,3549
7,070,3571
7,100,3592
7,112,3614
7,124,3636
7,191,3659
7,196,3680
7,203,3701
7,208,3723
7,233,3745
7,246,3766
7,250,3788
7,268,3811
7,276,3832
7,300,3855
7,348,3877
7,352,3899
7,372,3920
7,376,3942
7,380,3964
7,398,3987
7,417,4009
7,428,4030
7,440,4051
7,442,4072
7,470,4093
7,498,4114
7,499,4135
7,528,4155
7,578,4177
7,616,4199
7,620,4221
7,642,4243
7,688,4265
7,703,4286
7,705,4308
7,724,4329
7,752,4352
7,756,4374
7,762,4396
7,792,4417
7,795,4440
7,804,4461
7,807,4483
7,826,4504
7,840,4527
7,860,4551
8,008,4573
8,031,4591
8,040,4609
8,051,4626
8,056,4644
8,070,4661
8,100,4678
8,191,4695
8,196,4712
8,203,4729
8,208,4746
8,233,4763
8,246,4780
8,250,4797
8,276,4814
8,300,4831
8,348,4848
8,352,4865
8,372,4882
8,380,4899
8,398,4916
8,428,4933
8,440,4950
8,442,4967
8,470,4984
8,499,5001
8,528,5018
8,578,5035
8,616,5052
8,620,5069
8,642,5086
8,688,5103
8,703,5120
8,705,5137
8,724,5154
8,752,5171
8,756,5188
8,792,5205
8,804,5222
8,807,5239
8,826,5256
9,008,5273
9,031,5291
9,040,5308
9,051,5326
9,056,5344
9,070,5362
9,100,5380
9,191,5398
9,196,5416
9,203,5434
9,208,5452
9,233,5470
9,246,5488
9,250,5506
9,276,5524
9,300,5542
9,348,5560
9,352,5578
9,372,5596
9,380,5614
9,398,5632
9,428,5650
9,440,5668
9,442,5686
9,470,5704
9,499,5722
9,528,5740
9,578,5758
9,616,5776
9,620,5794
9,642,5812
9,688,5830
9,703,5848
9,705,5866
9,724,5884
9,752,5902
9,756,5920
9,792,5938
9,804,5956
9,807,5974
9,826,5992
11,008,6010
11,031,6029
11,040,6048
11,051,6067
11,056,6086
11,070,6105
11,100,6124
11,191,6143
11,196,6162
11,203,6180
11,208,6199
11,233,6218
11,246,6237
11,250,6256
11,276,6275
11,300,6294
11,348,6313
11,352,6332
11,372,6351
11,380,6370
11,398,6389
11,428,6408
11,440,6427
11,442,6446
11,470,6464
11,499,6483
11,528,6502
11,578,6521
11,616,6540
11,620,6559
11,642,6578
11,688,6597
11,703,6616
11,705,6635
11,724,6654
11,752,6673
11,756,6692
11,792,6711
11,804,6730
11,807,6749
11,826,6768
12,008,6787
12,031,6809
12,040,6831
12,051,6853
12,056,6874
12,070,6896
12,100,6918
12,112,6940
12,124,6962
12,191,6984
12,196,7006
12,203,7028
12,208,7050
12,233,7072
12,246,7094
12,250,7116
12,268,7138
12,276,7159
12,300,7181
12,348,7203
12,352,7225
12,372,7247
12,376,7269
12,380,7291
12,398,7313
12,417,7335
12,428,7356
12,440,7378
12,442,7400
12,470,7423
12,498,7445
12,499,7466
12,528,7488
12,578,7510
12,616,7532
12,620,7554
12,642,7576
12,688,7598
12,703,7620
12,705,7642
12,724,7664
12,752,7686
12,756,7708
12,762,7730
12,792,7751
12,795,7773
12,804,7795
12,807,7816
12,826,7838
12,840,7860
12,860,7882
14,008,7903
14,031,7922
14,040,7941
14,051,7960
14,056,7979
14,070,7998
14,100,8017
14,191,8036
14,196,8055
14,203,8074
14,208,8093
14,233,8112
14,246,8131
14,250,8150
14,276,8169
14,300,8188
14,348,8207
14,352,8226
14,372,8245
14,380,8264
14,398,8283
14,428,8302
14,440,8321
14,442,8340
14,470,8359
14,499,8378
14,528,8397
14,578,8416
14,616,8435
14,620,8454
14,642,8473
14,688,8492
14,703,8511
14,705,8530
14,724,8549
14,752,8568
14,756,8587
14,792,8606
14,804,8625
14,807,8644
14,826,8663
15,008,8682
15,031,8701
15,040,8720
15,051,8738
15,056,8757
15,070,8775
15,100,8794
15,112,8813
15,191,8832
15,196,8851
15,203,8869
15,208,8888
15,233,8906
15,246,8925
15,250,8943
15,268,8961
15,276,8980
15,300,8998
15,348,9016
15,352,9035
15,372,9053
15,376,9071
15,380,9090
15,417,9108
15,428,9127
15,440,9146
15,442,9165
15,470,9183
15,498,9202
15,499,9221
15,528,9240
15,578,9258
15,616,9276
15,620,9295
15,642,9313
15,688,9332
15,703,9351
15,705,9370
15,724,9388
15,752,9406
15,756,9424
15,792,9442
15,804,9461
15,807,9480
15,826,9499
15,840,9518
15,860,9537
16,008,9556
16,031,9576
16,040,9596
16,051,9616
16,056,9636
16,070,9656
16,100,9676
16,112,9697
16,124,9718
16,191,9740
16,196,9760
16,203,9779
16,208,9799
16,233,9819
16,246,9839
16,250,9860
16,268,9881
16,276,9901
16,300,9922
16,348,9943
16,352,9963
16,372,9984
16,376,10004
16,380,10024
16,398,10045
16,417,10067
16,428,10088
16,438,10108
16,440,10126
16,442,10146
16,470,10165
16,498,10183
16,499,10203
16,528,10223
16,578,10243
16,616,10264
16,620,10285
16,642,10305
16,688,10326
16,703,10346
16,705,10366
16,724,10386
16,752,10407
16,756,10428
16,762,10448
16,792,10469
16,795,10490
16,804,10511
16,807,10532
16,826,10552
16,840,10573
16,860,10595
18,008,10616
18,031,10635
18,040,10654
18,051,10673
18,056,10692
18,070,10711
18,100,10730
18,112,10749
18,191,10768
18,196,10787
18,203,10806
18,208,10825
18,233,10844
18,246,10863
18,250,10882
18,268,10901
18,276,10920
18,300,10939
18,348,10958
18,352,10977
18,372,10996
18,376,11015
18,380,11034
18,398,11053
18,417,11072
18,428,11091
18,438,11110
18,440,11129
18,442,11148
18,470,11167
18,498,11186
18,499,11205
18,528,11224
18,578,11243
18,616,11262
18,620,11281
18,642,11300
18,643,11319
18,688,11338
18,703,11357
18,705,11376
18,724,11395
18,752,11414
18,756,11433
18,762,11452
18,792,11471
18,795,11490
18,804,11509
18,807,11528
18,826,11547
18,840,11566
19,008,11585
19,040,11604
19,051,11623
19,070,11642
19,100,11660
19,112,11679
19,124,11697
19,191,11716
19,196,11735
19,203,11753
19,208,11772
19,233,11791
19,250,11810
19,268,11829
19,348,11848
19,352,11866
19,372,11885
19,376,11904
19,380,11923
19,398,11942
19,417,11961
19,428,11980
19,440,11999
19,442,12017
19,470,12036
19,498,12055
19,499,12074
19,528,12093
19,578,12112
19,616,12131
19,620,12150
19,642,12169
19,643,12188
19,688,12206
19,703,12224
19,705,12242
19,724,12261
19,752,12280
19,756,12299
19,762,12318
19,792,12336
19,804,12354
19,807,12373
19,826,12392
19,840,12411
19,860,12430
20,008,12448
20,031,12467
20,040,12486
20,051,12505
20,056,12524
20,070,12543
20,100,12562
20,112,12581
20,124,12600
20,191,12619
20,196,12638
20,203,12657
20,208,12676
20,233,12695
20,246,12714
20,250,12733
20,268,12752
20,276,12771
20,300,12790
20,348,12809
20,352,12828
20,372,12847
20,376,12866
20,380,12885
20,398,12904
20,417,12923
20,428,12942
20,440,12961
20,442,12980
20,470,12999
20,498,13018
20,499,13037
20,528,13056
20,578,13075
20,616,13094
20,620,13113
20,642,13132
20,688,13151
20,703,13170
20,705,13189
20,724,13208
20,752,13227
20,756,13246
20,762,13265
20,792,13284
20,795,13303
20,804,13322
20,807,13341
20,826,13360
20,840,13379
20,860,13398
21,031,13417
21,040,13436
21,051,13455
21,056,13474
21,100,13493
21,112,13512
21,124,13531
21,191,13550
21,203,13568
21,233,13587
21,246,13606
21,268,13625
21,348,13644
21,352,13663
21,376,13682
21,380,13701
21,398,13720
21,417,13738
21,428,13757
21,440,13776
21,498,13795
21,528,13814
21,578,13833
21,616,13852
21,642,13871
21,643,13889
21,688,13908
21,703,13927
21,705,13946
21,724,13964
21,752,13983
21,756,14002
21,762,14021
22,008,14040
22,031,14060
22,040,14080
22,051,14100
22,056,14120
22,070,14140
22,100,14159
22,112,14178
22,124,14197
22,191,14215
22,196,14234
22,203,14253
22,208,14273
22,233,14293
22,246,14312
22,250,14331
22,268,14351
22,276,14370
22,300,14390
22,348,14409
22,352,14429
22,372,14447
22,376,14466
22,380,14486
22,417,14506
22,428,14525
22,440,14544
22,442,14563
22,470,14583
22,498,14604
22,499,14624
22,528,14643
22,578,14663
22,616,14682
22,620,14702
22,642,14722
22,688,14741
22,703,14760
22,705,14780
22,724,14800
22,752,14819
22,756,14838
22,792,14858
22,804,14877
22,807,14896
22,826,14915
22,840,14935
22,860,14954
23,008,14973
23,031,14992
23,040,15011
23,051,15030
23,056,15049
23,070,15068
23,100,15087
23,112,15106
23,124,15125
23,191,15144
23,196,15163
23,203,15182
23,208,15201
23,233,15220
23,246,15239
23,250,15258
23,268,15277
23,276,15296
23,300,15315
23,348,15334
23,352,15353
23,372,15372
23,376,15391
23,380,15410
23,417,15429
23,428,15448
23,438,15467
23,440,15486
23,442,15505
23,470,15524
23,498,15543
23,499,15562
23,528,15581
23,578,15600
23,616,15619
23,620,15638
23,642,15657
23,688,15676
23,703,15695
23,705,15714
23,724,15733
23,752,15752
23,756,15771
23,792,15790
23,804,15809
23,807,15828
23,826,15847
23,840,15866
23,860,15885
25,008,15904
25,031,15926
25,040,15948
25,051,15970
25,056,15992
25,070,16015
25,100,16037
25,112,16059
25,124,16081
25,191,16104
25,196,16126
25,203,16147
25,208,16170
25,233,16192
25,246,16214
25,250,16236
25,268,16259
25,276,16281
25,300,16304
25,348,16327
25,352,16349
25,372,16370
25,376,16392
25,380,16414
25,417,16437
25,428,16459
25,438,16481
25,440,16501
25,442,16523
25,470,16544
25,498,16565
25,499,16587
25,528,16608
25,578,16631
25,616,16653
25,620,16676
25,642,16699
25,688,16722
25,703,16744
25,705,16766
25,724,16788
25,752,16811
25,756,16833
25,792,16855
25,804,16878
25,807,16901
25,826,16923
25,840,16946
25,860,16970
26,008,16993
26,031,17011
26,040,17029
26,051,17047
26,056,17065
26,070,17083
26,100,17101
26,112,17119
26,124,17137
26,191,17155
26,196,17173
26,203,17191
26,208,17209
26,233,17227
26,246,17245
26,250,17263
26,268,17281
26,276,17299
26,300,17317
26,348,17335
26,352,17353
26,372,17371
26,376,17389
26,380,17407
26,398,17425
26,417,17443
26,428,17461
26,440,17479
26,442,17497
26,470,17515
26,498,17533
26,499,17551
26,528,17569
26,578,17587
26,616,17605
26,620,17623
26,642,17641
26,643,17659
26,688,17677
26,703,17695
26,705,17713
26,724,17731
26,752,17749
26,756,17767
26,762,17785
26,792,17803
26,804,17821
26,807,17839
26,826,17857
26,840,17875
26,860,17893
30,008,17911
30,031,17930
30,040,17949
30,056,17968
30,070,17987
30,100,18006
30,191,18025
30,196,18044
30,203,18063
30,208,18082
30,233,18101
30,246,18120
30,250,18139
30,276,18158
30,300,18177
30,348,18196
30,352,18215
30,372,18234
30,380,18253
30,428,18272
30,440,18291
30,442,18310
30,470,18329
30,499,18348
30,528,18367
30,578,18386
30,616,18405
30,620,18424
30,642,18443
30,703,18462
30,705,18481
30,724,18500
30,752,18519
30,756,18538
30,792,18557
30,807,18576
30,826,18595
31,031,18614
31,040,18633
31,051,18652
31,056,18671
31,070,18690
31,100,18709
31,112,18728
31,124,18747
31,191,18766
31,196,18785
31,203,18804
31,208,18823
31,233,18842
31,246,18861
31,250,18880
31,276,18899
31,300,18918
31,348,18937
31,352,18956
31,372,18975
31,380,18994
31,398,19013
31,417,19032
31,428,19051
31,440,19070
31,442,19089
31,470,19108
31,498,19127
31,499,19146
31,528,19165
31,578,19184
31,616,19203
31,620,19222
31,642,19241
31,643,19260
31,688,19279
31,703,19298
31,705,19317
31,724,19336
31,752,19355
31,756,19374
31,762,19393
31,792,19412
31,804,19431
31,807,19450
31,826,19469
32,008,19488
32,040,19507
32,051,19526
32,070,19545
32,124,19564
32,191,19583
32,196,19602
32,203,19621
32,208,19640
32,250,19659
32,268,19678
32,276,19697
32,300,19716
32,348,19735
32,352,19754
32,372,19773
32,380,19792
32,398,19811
32,440,19830
32,498,19849
32,499,19868
32,578,19887
32,616,19906
32,620,19925
32,642,19944
32,643,19963
32,688,19982
32,703,20001
32,705,20020
32,724,20039
32,752,20058
32,792,20077
32,826,20096
34,008,20115
34,031,20134
34,040,20153
34,051,20172
34,056,20191
34,070,20210
34,100,20229
34,112,20248
34,191,20267
34,196,20286
34,203,20305
34,208,20324
34,233,20343
34,246,20362
34,268,20381
34,300,20400
34,348,20419
34,352,20438
34,372,20457
34,376,20476
34,380,20495
34,398,20514
34,417,20533
34,428,20552
34,440,20571
34,498,20590
34,528,20609
34,578,20628
34,616,20647
34,620,20666
34,642,20685
34,688,20704
34,703,20723
34,705,20742
34,724,20761
34,804,20780
34,807,20799
34,826,20818
34,840,20837
34,860,20856
35,008,20875
35,031,20894
35,040,20913
35,056,20932
35,070,20951
35,100,20970
35,191,20989
35,196,21008
35,203,21027
35,208,21046
35,233,21065
35,246,21084
35,250,21103
35,268,21122
35,276,21141
35,300,21159
35,348,21178
35,352,21197
35,372,21215
35,376,21234
35,380,21253
35,398,21272
35,428,21290
35,440,21309
35,442,21328
35,470,21347
35,498,21366
35,499,21384
35,528,21403
35,578,21422
35,616,21440
35,620,21459
35,642,21478
35,688,21497
35,703,21516
35,705,21535
35,724,21554
35,752,21573
35,756,21592
35,792,21610
35,807,21629
35,826,21648
35,840,21667
36,008,21686
36,031,21705
36,040,21724
36,051,21743
36,056,21762
36,070,21781
36,100,21800
36,112,21819
36,124,21838
36,191,21857
36,196,21876
36,203,21895
36,208,21914
36,233,21933
36,246,21952
36,250,21971
36,268,21990
36,276,22009
36,300,22028
36,348,22047
36,352,22066
36,372,22085
36,376,22104
36,380,22123
36,398,22142
36,417,22161
36,428,22180
36,440,22199
36,442,22218
36,470,22238
36,498,22258
36,499,22277
36,528,22296
36,578,22315
36,616,22334
36,620,22353
36,642,22372
36,688,22391
36,703,22410
36,705,22429
36,724,22448
36,752,22467
36,756,22486
36,762,22505
36,792,22524
36,804,22543
36,807,22562
36,826,22581
36,840,22600
37,008,22619
37,031,22638
37,040,22657
37,051,22676
37,056,22695
37,070,22714
37,100,22733
37,191,22752
37,196,22771
37,203,22790
37,208,22809
37,233,22828
37,246,22847
37,250,22866
37,268,22885
37,276,22904
37,300,22923
37,348,22942
37,352,22961
37,372,22980
37,380,22999
37,417,23018
37,428,23037
37,440,23056
37,442,23075
37,470,23094
37,498,23113
37,499,23132
37,528,23151
37,578,23170
37,616,23189
37,620,23208
37,642,23227
37,643,23246
37,688,23265
37,703,23284
37,705,23303
37,724,23322
37,752,23341
37,756,23360
37,762,23379
37,792,23398
37,807,23417
37,826,23436
37,860,23455
38,008,23474
38,031,23493
38,040,23512
38,051,23531
38,056,23550
38,070,23569
38,100,23588
38,191,23607
38,196,23626
38,203,23645
38,208,23664
38,233,23683
38,246,23702
38,250,23721
38,268,23740
38,276,23759
38,300,23778
38,348,23797
38,352,23816
38,372,23835
38,380,23854
38,417,23873
38,428,23892
38,440,23911
38,442,23930
38,470,23949
38,498,23968
38,499,23987
38,528,24006
38,578,24025
38,616,24044
38,620,24063
38,642,24082
38,643,24101
38,688,24120
38,703,24139
38,705,24158
38,724,24177
38,752,24196
38,756,24215
38,762,24234
38,792,24253
38,807,24272
38,826,24291
38,860,24310
39,008,24329
39,031,24348
39,040,24367
39,051,24387
39,056,24406
39,070,24426
39,100,24445
39,112,24464
39,191,24483
39,196,24503
39,203,24522
39,208,24542
39,233,24561
39,246,24580
39,250,24599
39,268,24619
39,276,24638
39,300,24659
39,348,24679
39,352,24699
39,372,24718
39,376,24737
39,380,24757
39,398,24778
39,417,24798
39,428,24818
39,438,24837
39,440,24855
39,442,24874
39,470,24893
39,498,24912
39,499,24931
39,528,24950
39,578,24970
39,616,24989
39,620,25009
39,642,25029
39,643,25049
39,688,25070
39,703,25090
39,705,25109
39,724,25128
39,752,25149
39,756,25169
39,792,25189
39,804,25210
39,807,25230
39,826,25249
39,840,25270
39,860,25292
40,008,25313
40,031,25331
40,040,25350
40,051,25368
40,056,25386
40,070,25404
40,100,25422
40,112,25440
40,191,25459
40,196,25477
40,203,25494
40,208,25512
40,233,25530
40,246,25547
40,250,25565
40,268,25584
40,276,25602
40,300,25621
40,348,25639
40,352,25657
40,372,25674
40,376,25692
40,380,25710
40,398,25729
40,417,25748
40,428,25767
40,438,25785
40,440,25801
40,442,25819
40,470,25836
40,498,25853
40,499,25871
40,528,25888
40,578,25906
40,616,25924
40,620,25943
40,642,25961
40,643,25980
40,688,26000
40,703,26018
40,705,26036
40,724,26054
40,752,26073
40,756,26091
40,762,26109
40,792,26127
40,804,26146
40,807,26165
40,826,26183
40,840,26202
40,860,26222
41,008,26241
41,031,26262
41,040,26284
41,100,26305
41,191,26325
41,196,26346
41,203,26366
41,233,26386
41,246,26406
41,250,26426
41,276,26448
41,348,26470
41,372,26491
41,380,26511
41,428,26532
41,440,26550
41,578,26570
41,616,26590
41,620,26611
41,642,26632
41,643,26652
41,688,26672
41,703,26692
41,705,26712
41,724,26732
41,752,26754
41,756,26775
41,792,26796
41,804,26817
41,807,26836
42,031,26856
42,040,26877
42,070,26898
42,100,26919
42,191,26940
42,203,26961
42,233,26982
42,246,27003
42,250,27024
42,268,27046
42,276,27067
42,348,27089
42,372,27110
42,380,27131
42,398,27153
42,417,27174
42,428,27194
42,440,27215
42,498,27236
42,578,27257
42,616,27278
42,620,27300
42,642,27321
42,643,27343
42,688,27365
42,703,27386
42,705,27407
42,724,27428
42,752,27450
42,792,27472
42,804,27493
42,807,27515
42,840,27535
43,008,27558
43,031,27577
43,040,27595
43,051,27613
43,056,27632
43,070,27650
43,100,27669
43,112,27687
43,124,27705
43,191,27723
43,196,27742
43,203,27761
43,208,27779
43,233,27797
43,246,27815
43,250,27833
43,268,27852
43,276,27871
43,300,27889
43,348,27908
43,352,27926
43,372,27944
43,376,27962
43,380,27980
43,398,27999
43,417,28017
43,428,28035
43,438,28053
43,440,28071
43,442,28089
43,470,28107
43,498,28125
43,499,28143
43,528,28162
43,578,28180
43,616,28198
43,620,28216
43,642,28235
43,688,28253
43,703,28272
43,705,28291
43,724,28309
43,752,28328
43,756,28346
43,762,28364
43,792,28382
43,804,28401
43,826,28419
43,840,28437
43,860,28455
44,031,28473
44,040,28491
44,056,28509
44,070,28527
44,100,28545
44,124,28563
44,191,28581
44,196,28599
44,203,28617
44,233,28635
44,246,28653
44,250,28671
44,268,28689
44,276,28707
44,348,28725
44,372,28743
44,376,28761
44,380,28779
44,398,28797
44,428,28815
44,440,28833
44,442,28851
44,470,28869
44,498,28887
44,578,28905
44,616,28923
44,620,28941
44,642,28959
44,643,28977
44,688,28995
44,703,29013
44,705,29031
44,724,29049
44,752,29067
44,756,29085
44,792,29103
44,807,29121
45,031,29139
45,040,29157
45,056,29174
45,070,29191
45,100,29208
45,191,29225
45,196,29242
45,203,29258
45,233,29275
45,246,29292
45,250,29308
45,268,29325
45,276,29342
45,348,29358
45,372,29375
45,376,29392
45,380,29409
45,398,29425
45,428,29442
45,438,29459
45,440,29475
45,442,29492
45,470,29509
45,498,29525
45,578,29542
45,616,29558
45,620,29575
45,642,29592
45,643,29609
45,688,29626
45,703,29643
45,705,29660
45,724,29677
45,752,29693
45,756,29709
45,792,29725
45,807,29742
46,031,29759
46,040,29777
46,056,29796
46,070,29814
46,100,29833
46,191,29851
46,196,29870
46,203,29888
46,233,29906
46,246,29924
46,250,29942
46,268,29960
46,276,29979
46,348,29997
46,372,30015
46,376,30033
46,380,30052
46,398,30070
46,428,30088
46,438,30106
46,440,30124
46,442,30142
46,470,30160
46,498,30178
46,578,30196
46,616,30214
46,620,30232
46,642,30250
46,643,30268
46,688,30286
46,703,30305
46,705,30323
46,724,30341
46,752,30359
46,756,30377
46,792,30395
46,807,30414
47,008,30433
47,031,30452
47,100,30471
47,191,30490
47,203,30509
47,233,30529
47,246,30548
47,276,30567
47,348,30587
47,372,30607
47,380,30626
47,428,30645
47,440,30664
47,498,30683
47,578,30702
47,616,30721
47,620,30741
47,642,30760
47,703,30779
47,705,30798
47,724,30818
47,752,30837
47,792,30856
47,807,30875
47,840,30894
48,008,30913
48,031,30931
48,040,30949
48,051,30966
48,056,30984
48,070,31001
48,100,31018
48,112,31035
48,191,31053
48,196,31070
48,203,31087
48,208,31104
48,233,31121
48,246,31138
48,268,31155
48,276,31173
48,300,31190
48,348,31207
48,352,31224
48,372,31241
48,376,31258
48,380,31275
48,398,31292
48,417,31310
48,428,31328
48,440,31345
48,442,31362
48,470,31379
48,498,31396
48,499,31413
48,528,31430
48,578,31447
48,616,31464
48,642,31481
48,643,31498
48,688,31516
48,703,31533
48,705,31550
48,724,31567
48,752,31584
48,756,31601
48,762,31618
48,792,31635
48,804,31652
48,807,31670
48,826,31687
48,840,31704
48,860,31722
49,008,31739
49,031,31757
49,040,31775
49,051,31794
49,056,31813
49,070,31832
49,100,31851
49,112,31870
49,191,31888
49,196,31907
49,203,31926
49,208,31945
49,233,31963
49,246,31982
49,268,32001
49,276,32020
49,300,32039
49,348,32058
49,352,32077
49,372,32096
49,376,32115
49,380,32134
49,398,32153
49,417,32172
49,428,32191
49,440,32210
49,442,32229
49,470,32248
49,498,32267
49,499,32285
49,528,32304
49,578,32322
49,616,32341
49,642,32360
49,643,32379
49,688,32398
49,703,32417
49,705,32436
49,724,32455
49,752,32474
49,756,32493
49,792,32512
49,804,32531
49,807,32549
49,826,32568
49,840,32587
49,860,32606
50,008,32625
50,031,32642
50,051,32659
50,191,32676
50,196,32695
50,203,32713
50,268,32732
50,376,32750
50,417,32768
50,498,32787
50,643,32805
50,703,32825
50,756,32844
50,792,32863
50,804,32882
50,807,32901
50,840,32919
51,031,32940
51,040,32960
51,056,32980
51,070,33000
51,100,33019
51,112,33039
51,191,33059
51,196,33078
51,203,33096
51,208,33116
51,233,33136
51,246,33155
51,250,33175
51,268,33196
51,276,33214
51,300,33235
51,348,33255
51,372,33275
51,380,33294
51,398,33315
51,417,33336
51,428,33355
51,438,33375
51,440,33393
51,442,33413
51,498,33432
51,499,33451
51,528,33468
51,578,33488
51,616,33508
51,620,33529
51,642,33549
51,643,33569
51,688,33590
51,703,33609
51,705,33629
51,724,33649
51,752,33670
51,756,33690
51,762,33710
51,792,33729
51,804,33750
51,807,33770
51,840,33789
52,008,33811
52,031,33828
52,040,33846
52,070,33866
52,100,33883
52,112,33902
52,124,33921
52,191,33940
52,203,33959
52,208,33978
52,233,33997
52,246,34015
52,250,34034
52,268,34054
52,276,34072
52,300,34092
52,348,34110
52,372,34129
52,376,34148
52,380,34167
52,398,34187
52,417,34207
52,428,34224
52,440,34242
52,442,34260
52,498,34278
52,499,34296
52,528,34313
52,578,34333
52,616,34352
52,620,34372
52,642,34391
52,643,34410
52,688,34431
52,703,34449
52,705,34468
52,724,34486
52,752,34506
52,756,34526
52,762,34546
52,792,34563
52,804,34582
52,807,34602
52,826,34619
52,840,34639
53,008,34659
53,031,34676
53,040,34695
53,070,34715
53,100,34734
53,112,34753
53,124,34773
53,191,34794
53,203,34813
53,208,34833
53,233,34852
53,246,34871
53,250,34890
53,268,34910
53,276,34929
53,348,34950
53,372,34969
53,376,34986
53,380,35005
53,398,35025
53,417,35046
53,428,35064
53,440,35084
53,442,35104
53,498,35122
53,499,35140
53,528,35157
53,578,35176
53,616,35195
53,620,35215
53,642,35234
53,643,35254
53,688,35276
53,703,35295
53,705,35314
53,724,35333
53,752,35352
53,756,35372
53,762,35392
53,792,35410
53,804,35430
53,807,35451
53,826,35469
53,840,35489
54,008,35511
54,031,35530
54,040,35549
54,051,35569
54,056,35588
54,070,35608
54,100,35627
54,112,35646
54,191,35665
54,196,35685
54,203,35703
54,208,35723
54,233,35742
54,246,35761
54,250,35780
54,268,35800
54,276,35819
54,300,35840
54,348,35860
54,352,35880
54,372,35898
54,376,35917
54,380,35937
54,398,35958
54,417,35978
54,428,35997
54,438,36016
54,440,36033
54,442,36052
54,470,36070
54,498,36089
54,528,36108
54,578,36127
54,616,36146
54,620,36166
54,642,36186
54,643,36206
54,688,36227
54,703,36247
54,705,36266
54,724,36285
54,752,36305
54,756,36325
54,762,36345
54,792,36364
54,804,36385
54,807,36405
54,826,36424
54,840,36445
54,860,36467
55,040,36487
55,056,36506
55,100,36526
55,191,36545
55,203,36563
55,246,36580
55,250,36598
55,276,36617
55,348,36637
55,398,36656
55,417,36673
55,440,36689
55,498,36705
55,528,36721
55,616,36741
55,642,36759
55,643,36779
55,688,36799
55,703,36817
55,756,36836
55,804,36853
55,826,36872
55,840,36890
56,040,36911
56,100,36931
56,191,36951
56,203,36970
56,276,36990
56,398,37010
56,428,37031
56,440,37050
56,616,37070
56,642,37090
56,724,37109
56,756,37129
56,826,37148
57,008,37169
57,031,37188
57,040,37207
57,051,37227
57,056,37246
57,070,37266
57,100,37285
57,112,37304
57,124,37323
57,191,37344
57,196,37364
57,203,37383
57,208,37403
57,233,37422
57,246,37441
57,250,37460
57,268,37480
57,276,37499
57,300,37520
57,348,37540
57,352,37560
57,372,37579
57,376,37598
57,380,37618
57,398,37639
57,417,37659
57,428,37678
57,438,37697
57,440,37715
57,442,37734
57,470,37753
57,498,37772
57,499,37791
57,528,37810
57,578,37829
57,616,37848
57,620,37868
57,642,37888
57,643,37908
57,688,37929
57,703,37949
57,705,37968
57,724,37987
57,752,38008
57,756,38028
57,792,38048
57,804,38069
57,807,38089
57,826,38108
57,840,38129
57,860,38151
58,008,38172
58,031,38190
58,040,38208
58,051,38225
58,056,38243
58,070,38260
58,100,38277
58,112,38294
58,191,38312
58,196,38329
58,203,38346
58,208,38363
58,233,38380
58,246,38397
58,250,38414
58,268,38431
58,276,38448
58,300,38465
58,348,38482
58,352,38499
58,372,38516
58,376,38533
58,380,38550
58,398,38567
58,417,38585
58,428,38603
58,438,38620
58,440,38637
58,442,38654
58,470,38671
58,498,38688
58,528,38706
58,578,38723
58,616,38740
58,620,38757
58,642,38774
58,643,38791
58,688,38809
58,703,38826
58,705,38843
58,724,38860
58,752,38877
58,756,38894
58,762,38911
58,792,38929
58,804,38946
58,807,38964
58,826,38981
58,840,38998
58,860,39015
59,031,39033
59,040,39051
59,056,39068
59,100,39085
59,191,39103
59,196,39120
59,203,39136
59,233,39154
59,246,39171
59,250,39188
59,268,39206
59,276,39224
59,348,39242
59,372,39260
59,376,39277
59,380,39294
59,417,39312
59,428,39330
59,440,39347
59,470,39364
59,498,39380
59,578,39397
59,616,39414
59,620,39432
59,642,39450
59,643,39468
59,705,39487
59,724,39504
59,752,39522
59,756,39539
59,792,39556
59,804,39574
59,807,39593
59,826,39610
59,840,39628
60,031,39647
60,040,39665
60,056,39684
60,191,39703
60,196,39722
60,203,39740
60,208,39759
60,233,39777
60,246,39795
60,250,39813
60,276,39833
60,300,39853
60,348,39872
60,352,39891
60,372,39908
60,376,39927
60,380,39946
60,428,39966
60,442,39984
60,470,40002
60,528,40019
60,578,40038
60,616,40056
60,620,40076
60,642,40095
60,703,40115
60,705,40134
60,724,40152
60,752,40172
60,756,40191
60,792,40210
60,804,40230
60,807,40250
60,826,40269
60,840,40289
61,031,40309
61,040,40327
61,051,40345
61,056,40363
61,191,40381
61,203,40399
61,208,40417
61,233,40435
61,246,40452
61,250,40470
61,276,40489
61,300,40508
61,348,40526
61,352,40544
61,372,40560
61,380,40578
61,428,40597
61,442,40615
61,470,40632
61,528,40648
61,578,40666
61,616,40684
61,620,40703
61,642,40721
61,703,40740
61,705,40758
61,724,40776
61,752,40795
61,756,40813
61,792,40831
61,804,40850
61,807,40869
61,826,40886
62,031,40905
62,040,40923
62,051,40943
62,056,40961
62,191,40981
62,203,41001
62,208,41021
62,233,41040
62,246,41058
62,250,41077
62,276,41097
62,300,41118
62,348,41138
62,352,41158
62,372,41176
62,380,41195
62,428,41216
62,442,41235
62,470,41253
62,528,41271
62,578,41291
62,616,41310
62,620,41330
62,642,41350
62,703,41370
62,705,41389
62,724,41408
62,752,41428
62,756,41448
62,792,41468
62,804,41488
62,807,41508
62,826,41527
200,008,41548
200,031,41567
200,051,41586
200,112,41605
200,191,41624
200,268,41643
200,398,41663
200,417,41682
200,428,41701
200,440,41720
200,498,41739
200,499,41758
200,616,41777
200,642,41796
200,643,41815
200,688,41834
200,703,41853
200,762,41872
200,792,41891
200,804,41910
200,807,41929
210,031,41948
210,112,41967
210,398,41986
210,498,42005
210,499,42025
210,643,42045
220,031,42065
220,040,42085
220,051,42105
220,056,42125
220,070,42145
220,100,42165
220,124,42185
220,191,42205
220,196,42225
220,203,42245
220,208,42265
220,233,42285
220,246,42305
220,250,42325
220,268,42345
220,276,42365
220,300,42385
220,348,42405
220,352,42425
220,372,42445
220,376,42465
220,380,42485
220,398,42505
220,428,42525
220,440,42545
220,442,42565
220,470,42585
220,498,42605
220,499,42625
220,528,42645
220,578,42665
220,616,42685
220,620,42705
220,642,42725
220,643,42745
220,688,42765
220,703,42785
220,705,42805
220,724,42825
220,752,42845
220,756,42865
220,792,42885
220,804,42905
220,807,42925
220,826,42945
220,840,42965
230,031,42985
230,051,43005
230,070,43025
230,112,43045
230,398,43066
230,417,43086
230,498,43106
230,499,43126
240,008,43146
240,031,43166
240,040,43186
240,051,43206
240,056,43226
240,070,43246
240,100,43266
240,112,43286
240,124,43306
240,191,43326
240,196,43346
240,203,43366
240,208,43386
240,233,43406
240,246,43426
240,250,43446
240,268,43466
240,276,43486
240,300,43506
240,348,43526
240,352,43546
240,372,43566
240,376,43586
240,380,43606
240,417,43626
240,428,43646
240,440,43666
240,442,43686
240,470,43706
240,498,43726
240,499,43746
240,528,43766
240,578,43786
240,616,43806
240,620,43826
240,642,43846
240,643,43866
240,688,43886
240,703,43906
240,705,43926
240,724,43946
240,752,43966
240,756,43986
240,792,44006
240,804,44026
240,807,44046
240,826,44066
240,840,44086
250,008,44106
250,031,44126
250,040,44146
250,051,44165
250,056,44185
250,070,44204
250,100,44223
250,112,44243
250,124,44262
250,191,44281
250,196,44300
250,203,44319
250,208,44338
250,233,44357
250,246,44376
250,250,44395
250,268,44414
250,276,44434
250,300,44453
250,348,44472
250,352,44491
250,372,44510
250,376,44529
250,380,44548
250,398,44567
250,417,44587
250,428,44607
250,440,44626
250,442,44645
250,470,44664
250,498,44683
250,499,44703
250,528,44722
250,578,44741
250,616,44760
250,620,44779
250,642,44798
250,643,44818
250,688,44838
250,703,44857
250,705,44876
250,724,44895
250,752,44914
250,756,44933
250,762,44952
250,792,44972
250,795,44992
250,804,45012
250,807,45032
250,826,45051
250,840,45070
250,860,45089
260,031,45109
260,051,45129
260,070,45148
260,112,45167
260,398,45186
260,417,45206
260,498,45226
260,499,45246
260,642,45265
260,762,45285
260,804,45305
270,008,45325
270,031,45345
270,040,45365
270,051,45384
270,056,45404
270,070,45423
270,100,45443
270,112,45463
270,124,45483
270,191,45502
270,196,45522
270,203,45541
270,208,45560
270,233,45579
270,246,45599
270,250,45618
270,268,45637
270,276,45658
270,300,45677
270,348,45696
270,352,45716
270,372,45735
270,376,45754
270,380,45773
270,398,45792
270,417,45813
270,428,45834
270,440,45854
270,442,45874
270,470,45893
270,498,45913
270,499,45934
270,528,45954
270,578,45973
270,616,45992
270,620,46012
270,642,46032
270,643,46052
270,688,46072
270,703,46092
270,705,46111
270,724,46130
270,752,46150
270,756,46169
270,762,46188
270,792,46209
270,795,46229
270,804,46249
270,807,46269
270,826,46289
270,840,46309
270,860,46328
280,008,46348
280,031,46367
280,040,46386
280,051,46406
280,056,46425
280,070,46445
280,100,46464
280,112,46484
280,124,46503
280,191,46522
280,196,46542
280,203,46562
280,208,46582
280,233,46602
280,246,46622
280,250,46642
280,268,46662
280,276,46681
280,300,46701
280,348,46721
280,352,46741
280,372,46761
280,376,46781
280,380,46801
280,398,46821
280,417,46840
280,428,46859
280,440,46879
280,442,46899
280,470,46919
280,498,46938
280,499,46957
280,528,46977
280,578,46997
280,616,47017
280,620,47037
280,642,47057
280,643,47077
280,688,47097
280,703,47116
280,705,47136
280,724,47156
280,752,47176
280,756,47196
280,762,47216
280,792,47235
280,795,47254
280,804,47273
280,807,47292
280,826,47311
280,840,47331
280,860,47351
290,008,47370
290,031,47391
290,051,47411
290,070,47431
290,112,47451
290,398,47472
290,417,47493
290,498,47513
290,499,47533
290,688,47554
290,792,47575
300,008,47595
300,031,47615
300,040,47635
300,051,47655
300,056,47675
300,070,47695
300,100,47715
300,112,47735
300,191,47755
300,196,47775
300,203,47795
300,208,47815
300,233,47835
300,246,47855
300,268,47875
300,276,47895
300,300,47915
300,348,47935
300,372,47955
300,376,47975
300,380,47995
300,398,48015
300,417,48035
300,428,48055
300,440,48075
300,442,48095
300,498,48115
300,499,48135
300,528,48155
300,578,48175
300,616,48195
300,620,48215
300,642,48235
300,688,48255
300,703,48275
300,705,48295
300,724,48315
300,752,48335
300,756,48355
300,762,48375
300,792,48395
300,804,48415
300,807,48435
300,826,48455
300,840,48475
300,860,48495
303,008,48515
303,031,48535
303,040,48555
303,051,48575
303,056,48595
303,070,48615
303,100,48635
303,112,48655
303,191,48675
303,196,48695
303,203,48715
303,208,48735
303,233,48755
303,246,48775
303,268,48795
303,276,48815
303,300,48835
303,348,48855
303,372,48875
303,376,48895
303,380,48915
303,398,48935
303,417,48955
303,428,48975
303,440,48995
303,442,49015
303,498,49035
303,499,49055
303,528,49075
303,578,49095
303,616,49115
303,620,49135
303,642,49155
303,688,49175
303,703,49195
303,705,49215
303,724,49235
303,752,49255
303,756,49275
303,762,49295
303,792,49315
303,804,49335
303,807,49355
303,826,49375
303,840,49395
303,860,49415
304,031,49435
304,040,49454
304,051,49474
304,056,49493
304,100,49513
304,112,49533
304,191,49553
304,196,49573
304,203,49593
304,208,49612
304,233,49632
304,276,49652
304,348,49672
304,352,49692
304,376,49712
304,380,49732
304,398,49752
304,417,49772
304,428,49791
304,440,49811
304,498,49831
304,499,49851
304,528,49871
304,578,49891
304,616,49911
304,620,49930
304,642,49950
304,643,49969
304,688,49989
304,703,50009
304,705,50028
304,724,50048
304,752,50068
304,762,50088
304,807,50107
304,826,50127
305,040,50147
305,056,50167
305,124,50187
305,191,50207
305,203,50227
305,233,50247
305,246,50267
305,250,50287
305,276,50307
305,300,50327
305,348,50347
305,372,50367
305,376,50387
305,380,50407
305,428,50427
305,440,50447
305,442,50467
305,498,50487
305,528,50507
305,578,50527
305,616,50547
305,620,50567
305,642,50587
305,724,50607
305,752,50627
305,756,50647
305,826,50667
306,031,50687
306,040,50707
306,056,50727
306,100,50747
306,191,50767
306,196,50787
306,203,50807
306,208,50827
306,233,50847
306,246,50867
306,250,50887
306,276,50907
306,300,50927
306,348,50947
306,352,50967
306,372,50987
306,376,51007
306,380,51027
306,428,51047
306,440,51067
306,442,51087
306,470,51107
306,528,51127
306,578,51147
306,616,51167
306,620,51187
306,642,51207
306,688,51227
306,703,51247
306,705,51267
306,724,51287
306,752,51307
306,792,51327
306,807,51347
306,826,51367
307,031,51387
307,040,51407
307,056,51427
307,100,51447
307,191,51467
307,196,51487
307,203,51507
307,208,51527
307,233,51547
307,246,51567
307,250,51587
307,276,51607
307,300,51627
307,348,51647
307,352,51667
307,372,51687
307,376,51707
307,380,51727
307,428,51747
307,440,51767
307,442,51787
307,470,51807
307,528,51827
307,578,51847
307,616,51867
307,620,51887
307,642,51907
307,688,51927
307,703,51947
307,705,51967
307,724,51987
307,752,52007
307,792,52027
307,807,52047
307,826,52067
308,031,52087
308,040,52107
308,056,52127
308,100,52147
308,196,52167
308,208,52187
308,250,52207
308,268,52227
308,276,52247
308,300,52267
308,348,52287
308,352,52307
308,372,52327
308,380,52347
308,428,52367
308,470,52387
308,498,52407
308,528,52427
308,578,52447
308,620,52467
308,642,52487
308,688,52507
308,705,52527
308,724,52547
309,008,52567
309,031,52587
309,040,52607
309,056,52627
309,100,52647
309,124,52667
309,196,52687
309,203,52707
309,208,52727
309,233,52747
309,246,52767
309,250,52787
309,268,52807
309,276,52827
309,300,52847
309,348,52867
309,352,52887
309,372,52907
309,376,52927
309,380,52947
309,428,52967
309,442,52987
309,470,53007
309,498,53027
309,528,53047
309,578,53067
309,620,53087
309,642,53107
309,688,53127
309,705,53147
309,724,53167
309,752,53187
309,756,53207
309,792,53227
309,826,53247
309,840,53267
310,008,53287
310,100,53306
310,124,53326
310,191,53346
310,196,53366
310,203,53386
310,208,53406
310,233,53426
310,250,53446
310,268,53466
310,276,53485
310,352,53505
310,380,53525
310,398,53544
310,440,53563
310,498,53583
310,499,53603
310,578,53622
310,620,53642
310,642,53661
310,688,53681
310,705,53701
311,008,53721
311,031,53741
311,040,53761
311,056,53781
311,100,53801
311,191,53821
311,196,53841
311,203,53861
311,208,53881
311,233,53901
311,246,53921
311,250,53941
311,276,53961
311,300,53981
311,348,54001
311,352,54021
311,372,54041
311,376,54061
311,380,54081
311,398,54101
311,428,54121
311,440,54141
311,442,54161
311,470,54181
311,498,54201
311,499,54221
311,528,54241
311,578,54261
311,616,54281
311,620,54301
311,642,54321
311,688,54341
311,703,54361
311,705,54381
311,724,54401
311,752,54421
311,756,54441
311,792,54461
311,807,54481
311,826,54501
312,008,54521
312,031,54541
312,040,54560
312,051,54580
312,056,54600
312,070,54620
312,100,54640
312,112,54660
312,124,54680
312,191,54700
312,196,54720
312,203,54740
312,208,54760
312,233,54780
312,246,54800
312,250,54820
312,268,54840
312,276,54860
312,300,54880
312,348,54900
312,352,54920
312,372,54940
312,376,54960
312,380,54980
312,417,55000
312,428,55019
312,438,55039
312,440,55059
312,442,55079
312,470,55099
312,498,55119
312,499,55139
312,528,55159
312,578,55179
312,616,55199
312,620,55219
312,642,55239
312,688,55259
312,703,55279
312,705,55299
312,724,55319
312,752,55339
312,756,55359
312,792,55379
312,804,55398
312,807,55418
312,826,55438
312,840,55458
312,860,55478
313,008,55497
313,040,55517
313,056,55537
313,100,55557
313,191,55577
313,196,55597
313,203,55617
313,208,55637
313,233,55657
313,246,55677
313,250,55697
313,268,55717
313,276,55737
313,300,55757
313,348,55777
313,352,55797
313,372,55817
313,376,55837
313,380,55857
313,398,55877
313,428,55897
313,440,55917
313,442,55937
313,470,55957
313,498,55977
313,528,55997
313,578,56017
313,616,56037
313,620,56057
313,642,56077
313,688,56097
313,703,56117
313,705,56137
313,724,56157
313,752,56177
313,756,56197
313,792,56217
313,807,56236
313,826,56256
314,008,56276
314,031,56296
314,040,56315
314,056,56334
314,070,56353
314,100,56373
314,191,56393
314,196,56413
314,203,56433
314,208,56452
314,233,56471
314,246,56490
314,250,56509
314,268,56529
314,276,56549
314,300,56568
314,348,56588
314,352,56607
314,372,56626
314,376,56645
314,380,56664
314,398,56684
314,428,56703
314,440,56722
314,442,56741
314,470,56760
314,498,56779
314,499,56798
314,528,56818
314,578,56837
314,616,56856
314,620,56875
314,642,56895
314,688,56914
314,703,56934
314,705,56954
314,724,56974
314,752,56994
314,756,57013
314,792,57032
314,807,57052
314,826,57072
315,008,57091
315,031,57111
315,040,57130
315,056,57149
315,070,57168
315,100,57188
315,191,57208
315,196,57228
315,203,57248
315,208,57267
315,233,57286
315,246,57305
315,250,57324
315,268,57344
315,276,57364
315,300,57383
315,348,57403
315,352,57422
315,372,57441
315,376,57461
315,380,57480
315,398,57500
315,428,57519
315,440,57539
315,442,57559
315,470,57578
315,498,57597
315,499,57616
315,528,57636
315,578,57655
315,616,57674
315,620,57693
315,642,57713
315,688,57732
315,703,57752
315,705,57772
315,724,57791
315,752,57811
315,756,57830
315,792,57849
315,807,57868
315,826,57888
316,008,57907
316,031,57927
316,040,57947
316,056,57967
316,100,57987
316,191,58007
316,196,58027
316,203,58047
316,208,58067
316,233,58087
316,246,58107
316,250,58127
316,276,58147
316,300,58167
316,348,58187
316,352,58207
316,372,58227
316,380,58247
316,428,58267
316,440,58287
316,442,58307
316,470,58327
316,498,58347
316,499,58367
316,528,58387
316,578,58407
316,616,58427
316,620,58447
316,642,58467
316,688,58487
316,703,58507
316,705,58527
316,724,58547
316,752,58567
316,756,58587
316,792,58607
316,807,58627
316,826,58647
317,008,58667
317,031,58687
317,040,58707
317,056,58727
317,100,58747
317,191,58767
317,196,58787
317,203,58807
317,208,58827
317,233,58847
317,246,58867
317,250,58887
317,276,58907
317,300,58927
317,348,58947
317,352,58967
317,372,58987
317,380,59007
317,428,59027
317,440,59047
317,442,59067
317,470,59087
317,498,59107
317,499,59127
317,528,59147
317,578,59167
317,616,59187
317,620,59207
317,642,59227
317,688,59247
317,703,59267
317,705,59287
317,724,59307
317,752,59327
317,756,59347
317,792,59367
317,807,59387
317,826,59407
318,008,59427
318,031,59446
318,040,59465
318,056,59485
318,070,59505
318,100,59525
318,124,59545
318,191,59565
318,196,59585
318,203,59605
318,208,59625
318,233,59645
318,246,59665
318,268,59685
318,276,59705
318,300,59725
318,348,59745
318,352,59765
318,372,59785
318,376,59805
318,380,59825
318,398,59845
318,428,59865
318,440,59885
318,442,59905
318,499,59925
318,528,59945
318,578,59965
318,616,59985
318,620,60005
318,642,60025
318,688,60045
318,703,60065
318,705,60085
318,724,60105
318,752,60125
318,756,60145
318,762,60165
318,792,60184
318,804,60203
318,826,60223
318,840,60243
319,008,60263
319,020,60284
319,040,60304
319,056,60326
319,070,60347
319,100,60369
319,112,60391
319,191,60413
319,196,60435
319,203,60456
319,208,60478
319,233,60499
319,246,60521
319,250,60544
319,268,60567
319,276,60589
319,300,60612
319,336,60634
319,348,60653
319,352,60675
319,372,60695
319,380,60716
319,428,60738
319,438,60760
319,440,60779
319,442,60801
319,470,60821
319,492,60840
319,498,60859
319,499,60880
319,528,60901
319,578,60922
319,616,60945
319,620,60967
319,642,60989
319,643,61011
319,688,61035
319,703,61057
319,705,61079
319,724,61101
319,752,61124
319,756,61147
319,792,61169
319,804,61192
319,807,61214
319,826,61235
320,008,61257
320,040,61277
320,056,61299
320,070,61320
320,100,61341
320,112,61362
320,191,61384
320,196,61405
320,203,61425
320,208,61446
320,233,61467
320,246,61488
320,250,61510
320,268,61532
320,276,61553
320,300,61575
320,336,61596
320,348,61615
320,352,61636
320,372,61655
320,380,61676
320,428,61698
320,438,61719
320,440,61738
320,442,61759
320,470,61779
320,492,61798
320,498,61817
320,499,61837
320,528,61858
320,578,61878
320,616,61900
320,642,61922
320,643,61944
320,688,61967
320,703,61988
320,705,62009
320,724,62030
320,752,62052
320,756,62074
320,792,62095
320,804,62117
320,807,62139
320,826,62159
321,056,62180
321,100,62200
321,112,62221
321,191,62242
321,196,62263
321,203,62282
321,208,62302
321,246,62322
321,348,62342
321,352,62363
321,428,62382
321,440,62401
321,616,62421
321,620,62442
321,642,62463
321,703,62484
321,705,62504
321,752,62523
321,792,62544
321,804,62565
322,008,62585
322,040,62606
322,056,62629
322,070,62651
322,100,62673
322,112,62695
322,191,62718
322,203,62740
322,208,62763
322,233,62785
322,246,62807
322,250,62830
322,268,62853
322,276,62872
322,300,62895
322,348,62917
322,372,62939
322,428,62961
322,438,62984
322,440,63004
322,442,63026
322,470,63047
322,498,63066
322,499,63087
322,528,63108
322,578,63129
322,616,63152
322,620,63175
322,642,63198
322,688,63221
322,703,63243
322,705,63265
322,724,63287
322,752,63310
322,756,63333
322,792,63355
322,804,63378
322,807,63401
322,826,63422
323,040,63445
323,056,63467
323,070,63488
323,100,63508
323,112,63528
323,191,63549
323,196,63570
323,203,63589
323,208,63610
323,233,63631
323,246,63652
323,250,63674
323,276,63696
323,300,63718
323,348,63738
323,352,63759
323,372,63778
323,380,63799
323,428,63820
323,440,63841
323,442,63862
323,470,63881
323,499,63900
323,528,63919
323,578,63939
323,616,63960
323,620,63982
323,642,64003
323,643,64024
323,703,64046
323,705,64067
323,724,64088
323,752,64110
323,756,64132
323,804,64153
323,807,64174
323,826,64194
324,008,64215
324,040,64234
324,056,64254
324,100,64273
324,196,64293
324,203,64312
324,208,64332
324,233,64351
324,246,64370
324,250,64390
324,276,64410
324,300,64430
324,348,64449
324,352,64469
324,372,64488
324,380,64507
324,428,64527
324,440,64547
324,442,64566
324,498,64585
324,499,64604
324,528,64623
324,578,64642
324,616,64661
324,620,64681
324,642,64700
324,643,64720
324,688,64740
324,703,64759
324,705,64779
324,724,64798
324,752,64818
324,756,64838
324,792,64857
324,804,64877
324,807,64897
324,826,64916
325,008,64936
325,040,64957
325,056,64979
325,070,65001
325,100,65022
325,112,65043
325,191,65065
325,196,65087
325,203,65108
325,208,65130
325,233,65152
325,246,65174
325,250,65196
325,268,65218
325,276,65239
325,300,65261
325,348,65282
325,352,65303
325,372,65325
325,380,65346
325,428,65368
325,438,65390
325,440,65411
325,442,65433
325,470,65455
325,498,65476
325,499,65497
325,528,65519
325,578,65541
325,616,65563
325,620,65585
325,642,65606
325,643,65627
325,688,65648
325,703,65670
325,705,65692
325,724,65714
325,752,65735
325,756,65757
325,792,65779
325,804,65800
325,807,65821
325,826,65842
326,008,65863
326,040,65882
326,056,65904
326,070,65926
326,100,65947
326,112,65968
326,191,65989
326,196,66010
326,203,66029
326,208,66051
326,233,66072
326,246,66093
326,250,66116
326,268,66138
326,276,66158
326,300,66181
326,348,66202
326,352,66223
326,372,66242
326,380,66263
326,428,66285
326,438,66306
326,440,66325
326,442,66346
326,470,66367
326,498,66386
326,499,66405
326,528,66425
326,578,66447
326,616,66469
326,620,66491
326,642,66513
326,643,66535
326,688,66557
326,703,66578
326,705,66600
326,724,66621
326,752,66643
326,756,66666
326,792,66688
326,804,66709
326,807,66730
326,826,66749
327,008,66771
327,040,66791
327,056,66813
327,070,66835
327,100,66856
327,112,66877
327,191,66898
327,196,66919
327,203,66939
327,208,66961
327,233,66983
327,246,67004
327,250,67026
327,268,67048
327,276,67068
327,300,67091
327,348,67112
327,352,67133
327,372,67153
327,380,67174
327,428,67196
327,438,67217
327,440,67236
327,442,67257
327,470,67278
327,498,67298
327,499,67318
327,528,67338
327,578,67360
327,616,67381
327,620,67403
327,642,67424
327,643,67445
327,688,67467
327,703,67488
327,705,67509
327,724,67530
327,752,67552
327,756,67574
327,792,67596
327,804,67618
327,807,67639
327,826,67659
