1,008,2015,1.9;
1,031,2015,4.0;
1,040,2015,0.9;
1,051,2015,3.7;
1,056,2015,0.6;
1,070,2015,-0.9;
1,100,2015,-0.1;
1,112,2015,13.6;
1,124,2015,1.1;
1,191,2015,-0.5;
1,196,2015,-2.1;
1,203,2015,0.3;
1,208,2015,0.5;
1,233,2015,-0.5;
1,246,2015,-0.2;
1,250,2015,0.0;
1,268,2015,4.0;
1,276,2015,0.2;
1,300,2015,-1.7;
1,348,2015,-0.1;
1,352,2015,1.6;
1,372,2015,-0.3;
1,376,2015,-0.6;
1,380,2015,0.0;
1,398,2015,6.6;
1,417,2015,6.5;
1,428,2015,0.2;
1,440,2015,-0.9;
1,442,2015,0.5;
1,470,2015,1.1;
1,498,2015,9.7;
1,499,2015,1.5;
1,528,2015,0.6;
1,578,2015,2.2;
1,616,2015,-0.9;
1,620,2015,0.5;
1,642,2015,-0.6;
1,688,2015,1.4;
1,703,2015,-0.3;
1,705,2015,-0.5;
1,724,2015,-0.5;
1,752,2015,-0.0;
1,756,2015,-1.1;
1,762,2015,5.7;
1,792,2015,7.7;
1,804,2015,48.7;
1,807,2015,-0.3;
1,826,2015,0.1;
1,840,2015,0.1;
4,008,2015,28.2;
4,031,2015,37.8;
4,040,2015,53.1;
4,051,2015,29.8;
4,056,2015,82.9;
4,070,2015,33.9;
4,100,2015,64.1;
4,112,2015,60.0;
4,124,2015,31.5;
4,191,2015,50.0;
4,196,2015,61.2;
4,203,2015,83.0;
4,208,2015,53.4;
4,233,2015,79.3;
4,246,2015,36.6;
4,250,2015,30.0;
4,268,2015,45.0;
4,276,2015,46.8;
4,300,2015,31.9;
4,348,2015,90.7;
4,352,2015,53.7;
4,372,2015,124.0;
4,376,2015,30.7;
4,380,2015,30.1;
4,398,2015,28.5;
4,417,2015,36.2;
4,428,2015,59.0;
4,440,2015,75.9;
4,442,2015,235.6;
4,470,2015,140.6;
4,498,2015,43.4;
4,499,2015,42.5;
4,528,2015,82.5;
4,578,2015,37.4;
4,616,2015,49.4;
4,620,2015,40.6;
4,642,2015,41.1;
4,688,2015,46.7;
4,703,2015,93.5;
4,705,2015,77.9;
4,724,2015,33.2;
4,752,2015,45.6;
4,756,2015,62.9;
4,762,2015,11.3;
4,792,2015,28.0;
4,804,2015,52.8;
4,807,2015,48.8;
4,826,2015,27.2;
4,840,2015,12.6;
5,008,2015,10343.7;
5,031,2015,12123.3;
5,040,2015,34920.2;
5,051,2015,7650.3;
5,056,2015,33340.1;
5,070,2015,11227.6;
5,100,2015,14087.6;
5,112,2015,11641.7;
5,124,2015,34848.2;
5,191,2015,17193.1;
5,196,2015,26319.7;
5,203,2015,21805.9;
5,208,2015,34538.3;
5,233,2015,20178.4;
5,246,2015,32677.3;
5,250,2015,31457.9;
5,268,2015,8406.1;
5,276,2015,34560.4;
5,300,2015,23899.2;
5,348,2015,17901.3;
5,352,2015,34513.0;
5,372,2015,30385.8;
5,376,2015,27603.1;
5,380,2015,28832.5;
5,398,2015,16206.0;
5,417,2015,3632.8;
5,428,2015,19177.0;
5,440,2015,22520.4;
5,442,2015,47466.5;
5,470,2015,24049.1;
5,498,2015,5424.8;
5,499,2015,15288.1;
5,528,2015,33803.2;
5,578,2015,40646.0;
5,616,2015,19809.7;
5,620,2015,24487.1;
5,642,2015,16050.5;
5,688,2015,12477.5;
5,703,2015,21652.9;
5,705,2015,22061.0;
5,724,2015,26624.0;
5,752,2015,33164.2;
5,756,2015,39882.9;
5,762,2015,3042.3;
5,792,2015,16718.0;
5,804,2015,6847.4;
5,807,2015,11846.6;
5,826,2015,35008.1;
5,840,2015,46131.2;
6,008,2015,22.1;
6,031,2015,6.8;
6,040,2015,1.3;
6,051,2015,19.0;
6,056,2015,0.7;
6,070,2015,7.3;
6,100,2015,4.8;
6,191,2015,4.1;
6,196,2015,2.3;
6,203,2015,2.5;
6,208,2015,1.1;
6,233,2015,3.4;
6,246,2015,2.5;
6,250,2015,1.7;
6,276,2015,0.6;
6,300,2015,4.1;
6,348,2015,4.1;
6,352,2015,6.2;
6,372,2015,1.0;
6,380,2015,2.2;
6,398,2015,5.0;
6,428,2015,3.2;
6,440,2015,3.6;
6,442,2015,0.2;
6,470,2015,1.4;
6,499,2015,9.8;
6,528,2015,1.8;
6,578,2015,1.8;
6,616,2015,2.6;
6,620,2015,2.3;
6,642,2015,4.8;
6,688,2015,8.2;
6,703,2015,3.7;
6,705,2015,2.4;
6,724,2015,2.6;
6,752,2015,1.3;
6,756,2015,0.7;
6,792,2015,8.5;
6,804,2015,14.0;
6,807,2015,11.4;
6,826,2015,0.7;
7,008,2015,32500.1;
7,031,2015,171214.5;
7,040,2015,415004.8;
7,051,2015,25251.9;
7,056,2015,497621.7;
7,070,2015,40517.0;
7,100,2015,128899.1;
7,112,2015,168008.6;
7,124,2015,1588596.4;
7,191,2015,92326.4;
7,196,2015,26185.8;
7,203,2015,345646.7;
7,208,2015,264636.3;
7,233,2015,36483.4;
7,246,2015,224646.7;
7,250,2015,2647706.4;
7,268,2015,35609.6;
7,276,2015,3857072.5;
7,300,2015,288244.5;
7,348,2015,253987.2;
7,352,2015,15566.8;
7,372,2015,302314.5;
7,376,2015,300281.0;
7,380,2015,2190678.7;
7,398,2015,454049.2;
7,417,2015,20412.5;
7,428,2015,47991.1;
7,440,2015,81004.6;
7,442,2015,57066.4;
7,470,2015,14380.2;
7,498,2015,17907.6;
7,499,2015,9704.3;
7,528,2015,818257.2;
7,578,2015,317973.2;
7,616,2015,993129.0;
7,620,2015,302604.2;
7,642,2015,424474.2;
7,688,2015,97394.7;
7,703,2015,157865.6;
7,705,2015,64274.1;
7,724,2015,1594432.1;
7,752,2015,457643.0;
7,756,2015,506220.9;
7,762,2015,23578.5;
7,792,2015,1542554.8;
7,795,2015,84729.2;
7,804,2015,339154.7;
7,807,2015,28808.5;
7,826,2015,2700546.7;
7,840,2015,17947000.0;
7,860,2015,187667.8;
8,008,2015,10.8;
8,031,2015,13.2;
8,040,2015,6.4;
8,051,2015,10.4;
8,056,2015,5.4;
8,070,2015,4.6;
8,100,2015,4.3;
8,191,2015,5.2;
8,196,2015,3.6;
8,203,2015,5.7;
8,208,2015,4.5;
8,233,2015,6.2;
8,246,2015,6.3;
8,250,2015,5.4;
8,276,2015,4.6;
8,300,2015,2.4;
8,348,2015,4.1;
8,352,2015,5.5;
8,372,2015,2.5;
8,380,2015,4.8;
8,398,2015,6.3;
8,428,2015,6.4;
8,440,2015,7.3;
8,442,2015,5.1;
8,470,2015,4.4;
8,499,2015,4.6;
8,528,2015,4.6;
8,578,2015,6.4;
8,616,2015,7.8;
8,620,2015,4.1;
8,642,2015,8.5;
8,688,2015,5.5;
8,703,2015,7.9;
8,705,2015,5.5;
8,724,2015,5.6;
8,752,2015,5.9;
8,756,2015,5.5;
8,792,2015,5.0;
8,804,2015,2.7;
8,807,2015,7.9;
8,826,2015,6.2;
9,008,2015,15.9;
9,031,2015,8.8;
9,040,2015,23.7;
9,051,2015,16.1;
9,056,2015,28.6;
9,070,2015,14.4;
9,100,2015,23.1;
9,191,2015,25.0;
9,196,2015,32.3;
9,203,2015,19.2;
9,208,2015,25.6;
9,233,2015,23.1;
9,246,2015,24.1;
9,250,2015,30.1;
9,276,2015,26.1;
9,300,2015,27.7;
9,348,2015,20.3;
9,352,2015,25.6;
9,372,2015,22.6;
9,380,2015,29.1;
9,398,2015,20.2;
9,428,2015,25.1;
9,440,2015,15.3;
9,442,2015,46.4;
9,470,2015,24.9;
9,499,2015,17.9;
9,528,2015,27.9;
9,578,2015,19.6;
9,616,2015,17.2;
9,620,2015,24.7;
9,642,2015,21.3;
9,688,2015,20.0;
9,703,2015,18.5;
9,705,2015,21.1;
9,724,2015,23.5;
9,752,2015,22.8;
9,756,2015,20.7;
9,792,2015,21.1;
9,804,2015,14.7;
9,807,2015,19.8;
9,826,2015,32.4;
11,008,2015,14.6;
11,031,2015,37.0;
11,040,2015,21.9;
11,051,2015,17.8;
11,056,2015,16.7;
11,070,2015,21.9;
11,100,2015,23.5;
11,191,2015,21.4;
11,196,2015,7.0;
11,203,2015,32.1;
11,208,2015,18.7;
11,233,2015,21.2;
11,246,2015,20.6;
11,250,2015,14.1;
11,276,2015,25.9;
11,300,2015,13.3;
11,348,2015,27.8;
11,352,2015,17.7;
11,372,2015,39.1;
11,380,2015,18.8;
11,398,2015,26.2;
11,428,2015,16.7;
11,440,2015,22.6;
11,442,2015,7.0;
11,470,2015,11.4;
11,499,2015,12.9;
11,528,2015,15.4;
11,578,2015,28.3;
11,616,2015,26.3;
11,620,2015,18.2;
11,642,2015,26.4;
11,688,2015,25.9;
11,703,2015,27.0;
11,705,2015,27.3;
11,724,2015,18.0;
11,752,2015,20.4;
11,756,2015,20.0;
11,792,2015,21.5;
11,804,2015,23.6;
11,807,2015,18.7;
11,826,2015,13.3;
12,008,2015,11249.0;
12,031,2015,17743.7;
12,040,2015,48091.3;
12,051,2015,8387.7;
12,056,2015,44383.0;
12,070,2015,10633.2;
12,100,2015,17908.9;
12,112,2015,17692.9;
12,124,2015,44310.1;
12,191,2015,21914.6;
12,196,2015,30891.9;
12,203,2015,32784.7;
12,208,2015,46574.5;
12,233,2015,27780.0;
12,246,2015,40990.2;
12,250,2015,39812.7;
12,268,2015,9580.1;
12,276,2015,47221.2;
12,300,2015,26546.7;
12,348,2015,25803.8;
12,352,2015,47056.7;
12,372,2015,65122.5;
12,376,2015,35832.2;
12,380,2015,36072.1;
12,398,2015,25761.3;
12,417,2015,3436.5;
12,428,2015,24244.7;
12,440,2015,27885.4;
12,442,2015,100221.9;
12,470,2015,33292.9;
12,498,2015,5037.1;
12,499,2015,15507.5;
12,528,2015,48326.1;
12,578,2015,61254.7;
12,616,2015,25825.7;
12,620,2015,29214.3;
12,642,2015,21417.0;
12,688,2015,13726.5;
12,703,2015,29113.9;
12,705,2015,31151.1;
12,724,2015,34357.5;
12,752,2015,46702.1;
12,756,2015,61120.1;
12,762,2015,2779.9;
12,792,2015,19721.1;
12,795,2015,15768.0;
12,804,2015,7900.3;
12,807,2015,13915.6;
12,826,2015,41476.7;
12,840,2015,55775.2;
12,860,2015,6277.9;
14,008,2015,21.1;
14,031,2015,21.9;
14,040,2015,26.4;
14,051,2015,19.7;
14,056,2015,23.7;
14,070,2015,27.9;
14,100,2015,27.4;
14,191,2015,26.1;
14,196,2015,30.2;
14,203,2015,23.5;
14,208,2015,23.4;
14,233,2015,27.5;
14,246,2015,21.7;
14,250,2015,22.7;
14,276,2015,20.6;
14,300,2015,27.8;
14,348,2015,23.4;
14,352,2015,22.5;
14,372,2015,20.9;
14,380,2015,24.2;
14,398,2015,31.0;
14,428,2015,29.8;
14,440,2015,34.9;
14,442,2015,23.7;
14,470,2015,28.6;
14,499,2015,33.3;
14,528,2015,25.8;
14,578,2015,19.3;
14,616,2015,29.1;
14,620,2015,28.1;
14,642,2015,24.3;
14,688,2015,24.4;
14,703,2015,25.8;
14,705,2015,24.6;
14,724,2015,27.4;
14,752,2015,22.8;
14,756,2015,24.6;
14,792,2015,31.4;
14,804,2015,29.7;
14,807,2015,25.0;
14,826,2015,25.0;
15,008,2014,20.3;
15,031,2014,54.0;
15,040,2014,7.4;
15,051,2014,22.7;
15,056,2014,6.9;
15,070,2014,11.7;
15,100,2014,41.3;
15,112,2014,22.1;
15,191,2014,10.2;
15,196,2014,4.9;
15,203,2014,11.9;
15,208,2014,3.6;
15,233,2014,15.6;
15,246,2014,7.2;
15,250,2014,9.9;
15,268,2014,40.8;
15,276,2014,7.8;
15,300,2014,8.1;
15,348,2014,23.0;
15,352,2014,7.6;
15,372,2014,9.0;
15,376,2014,10.4;
15,380,2014,5.6;
15,417,2014,41.9;
15,428,2014,19.8;
15,440,2014,13.6;
15,442,2014,5.7;
15,470,2014,12.9;
15,498,2014,25.4;
15,499,2014,10.8;
15,528,2014,3.7;
15,578,2014,5.0;
15,616,2014,13.1;
15,620,2014,9.1;
15,642,2014,35.3;
15,688,2014,17.8;
15,703,2014,23.7;
15,705,2014,5.0;
15,724,2014,8.1;
15,752,2014,5.0;
15,756,2014,3.0;
15,792,2014,26.7;
15,804,2014,27.0;
15,807,2014,17.9;
15,826,2014,15.5;
15,840,2014,24.2;
15,860,2014,14.1;
16,008,2015,28748;
16,031,2015,86600;
16,040,2015,83858;
16,051,2015,29743;
16,056,2015,30528;
16,070,2015,51197;
16,100,2015,110993;
16,112,2015,207600;
16,124,2015,9970610;
16,191,2015,56542;
16,196,2015,9251;
16,203,2015,78866;
16,208,2015,43094;
16,233,2015,45228;
16,246,2015,338150;
16,250,2015,551500;
16,268,2015,69700;
16,276,2015,357030;
16,300,2015,131957;
16,348,2015,93030;
16,352,2015,103000;
16,372,2015,70273;
16,376,2015,22145;
16,380,2015,301337;
16,398,2015,2724900;
16,417,2015,199900;
16,428,2015,64589;
16,438,2015,160;
16,440,2015,65300;
16,442,2015,2586;
16,470,2015,316;
16,498,2015,33845;
16,499,2015,13812;
16,528,2015,41526;
16,578,2015,323759;
16,616,2015,312685;
16,620,2015,91982;
16,642,2015,238391;
16,688,2015,88361;
16,703,2015,49012;
16,705,2015,20253;
16,724,2015,505992;
16,752,2015,449964;
16,756,2015,41285;
16,762,2015,143100;
16,792,2015,774815;
16,795,2015,488100;
16,804,2015,603700;
16,807,2015,25713;
16,826,2015,242910;
16,840,2015,9629090;
16,860,2015,447400;
18,008,2013,56.5;
18,031,2013,51.5;
18,040,2013,53.3;
18,051,2013,54.5;
18,056,2013,55.9;
18,070,2013,55.7;
18,100,2013,54.3;
18,112,2013,55.8;
18,191,2013,56.8;
18,196,2013,57.4;
18,203,2013,57.1;
18,208,2013,57.3;
18,233,2013,58.7;
18,246,2013,53.6;
18,250,2013,54.5;
18,268,2013,55.0;
18,276,2013,47.4;
18,300,2013,48.7;
18,348,2013,55.2;
18,352,2013,62.2;
18,372,2013,50.5;
18,376,2013,56.1;
18,380,2013,57.0;
18,398,2013,55.4;
18,417,2013,55.8;
18,428,2013,57.5;
18,438,2013,32.2;
18,440,2013,58.1;
18,442,2013,51.4;
18,470,2013,54.9;
18,498,2013,55.9;
18,499,2013,53.4;
18,528,2013,51.3;
18,578,2013,57.8;
18,616,2013,59.4;
18,620,2013,53.5;
18,642,2013,53.8;
18,643,2013,53.4;
18,688,2013,55.4;
18,703,2013,59.7;
18,705,2013,57.8;
18,724,2013,53.3;
18,752,2013,59.4;
18,756,2013,49.5;
18,762,2013,37.1;
18,792,2013,45.8;
18,795,2013,38.5;
18,804,2013,52.4;
18,807,2013,54.5;
18,826,2013,56.0;
18,840,2013,56.3;
19,008,2013,31.6;
19,040,2013,28.6;
19,051,2013,11.1;
19,070,2013,5.9;
19,100,2013,25.0;
19,112,2013,3.2;
19,124,2013,24.3;
19,191,2013,19.0;
19,196,2013,9.1;
19,203,2013,14.3;
19,208,2013,40.0;
19,233,2013,15.4;
19,250,2013,47.6;
19,268,2013,21.1;
19,348,2013,9.1;
19,352,2013,33.3;
19,372,2013,13.3;
19,376,2013,18.2;
19,380,2013,28.6;
19,398,2013,16.7;
19,417,2013,15.0;
19,428,2013,30.8;
19,440,2013,7.1;
19,442,2013,26.7;
19,470,2013,18.2;
19,498,2013,25.0;
19,499,2013,17.6;
19,528,2013,41.7;
19,578,2013,50.0;
19,616,2013,21.1;
19,620,2013,20.0;
19,642,2013,22.2;
19,643,2013,7.1;
19,688,2013,9.1;
19,703,2013,6.7;
19,705,2013,21.4;
19,724,2013,30.8;
19,752,2013,54.2;
19,756,2013,42.9;
19,762,2013,5.6;
19,792,2013,3.8;
19,804,2013,12.5;
19,807,2013,15.8;
19,826,2013,18.2;
19,840,2013,33.3;
19,860,2013,9.5;
20,008,2015,20.7;
20,031,2015,15.6;
20,040,2015,30.6;
20,051,2015,10.7;
20,056,2015,39.3;
20,070,2015,21.4;
20,100,2015,20.4;
20,112,2015,26.6;
20,124,2015,25.3;
20,191,2015,25.8;
20,196,2015,12.5;
20,203,2015,20.0;
20,208,2015,37.4;
20,233,2015,23.8;
20,246,2015,41.5;
20,250,2015,26.2;
20,268,2015,11.3;
20,276,2015,36.5;
20,300,2015,23.0;
20,348,2015,10.1;
20,352,2015,41.3;
20,372,2015,16.3;
20,376,2015,24.2;
20,380,2015,31.0;
20,398,2015,26.2;
20,417,2015,23.3;
20,428,2015,18.0;
20,440,2015,23.4;
20,442,2015,28.3;
20,470,2015,12.9;
20,498,2015,21.8;
20,499,2015,17.3;
20,528,2015,37.3;
20,578,2015,39.6;
20,616,2015,24.1;
20,620,2015,31.3;
20,642,2015,13.7;
20,688,2015,34.0;
20,703,2015,18.7;
20,705,2015,36.7;
20,724,2015,41.1;
20,752,2015,43.6;
20,756,2015,30.5;
20,762,2015,19.0;
20,792,2015,17.8;
20,795,2015,25.8;
20,804,2015,11.8;
20,807,2015,33.3;
20,826,2015,29.4;
20,840,2015,19.4;
20,860,2015,16.0;
21,031,2012,53.1;
21,040,2012,36.3;
21,051,2012,35.6;
21,056,2012,21.1;
21,100,2012,20.5;
21,112,2012,25.5;
21,124,2012,24.7;
21,191,2012,9.8;
21,203,2012,22.1;
21,233,2012,33.8;
21,246,2012,18.1;
21,268,2012,39.8;
21,348,2012,22.2;
21,352,2012,23.1;
21,376,2012,32.6;
21,380,2012,26.7;
21,398,2012,6.8;
21,417,2012,25.7;
21,428,2012,16.8;
21,440,2012,13.5;
21,498,2012,25.6;
21,528,2012,41.7;
21,578,2012,13.5;
21,616,2012,16.7;
21,642,2012,9.9;
21,643,2012,32.1;
21,688,2012,10.1;
21,703,2012,24.1;
21,705,2012,5.1;
21,724,2012,23.9;
21,752,2012,14.0;
21,756,2012,22.1;
21,762,2012,50.9;
22,008,2014,100.7;
22,031,2014,110.1;
22,040,2014,101.9;
22,051,2014,101.3;
22,056,2014,367.9;
22,070,2014,69.0;
22,100,2014,65.1;
22,112,2014,45.6;
22,124,2014,3.6;
22,191,2014,74.9;
22,196,2014,92.2;
22,203,2014,133.5;
22,208,2014,131.0;
22,233,2014,29.1;
22,246,2014,16.2;
22,250,2014,119.9;
22,268,2014,53.5;
22,276,2014,226.8;
22,300,2014,82.5;
22,348,2014,106.1;
22,352,2014,3.2;
22,372,2014,65.7;
22,376,2014,371.0;
22,380,2014,201.7;
22,417,2014,28.6;
22,428,2014,30.9;
22,440,2014,44.9;
22,442,2014,215.1;
22,470,2014,1352.4;
22,498,2014,105.1;
22,499,2014,45.0;
22,528,2014,406.1;
22,578,2014,15.9;
22,616,2014,121.6;
22,620,2014,113.1;
22,642,2014,83.5;
22,688,2014,80.7;
22,703,2014,110.6;
22,705,2014,101.8;
22,724,2014,91.9;
22,752,2014,21.5;
22,756,2014,198.3;
22,792,2014,99.6;
22,804,2014,75.1;
22,807,2014,80.4;
22,826,2014,266.0;
22,840,2014,33.1;
22,860,2014,68.7;
23,008,2014,49.5;
23,031,2014,50.2;
23,040,2014,51.1;
23,051,2014,52.2;
23,056,2014,50.8;
23,070,2014,50.9;
23,100,2014,51.4;
23,112,2014,53.5;
23,124,2014,50.4;
23,191,2014,51.7;
23,196,2014,51.4;
23,203,2014,50.9;
23,208,2014,50.4;
23,233,2014,53.2;
23,246,2014,50.8;
23,250,2014,51.6;
23,268,2014,52.3;
23,276,2014,51.0;
23,300,2014,51.4;
23,348,2014,52.4;
23,352,2014,49.8;
23,372,2014,50.6;
23,376,2014,50.5;
23,380,2014,51.5;
23,417,2014,50.6;
23,428,2014,54.2;
23,438,2014,50.4;
23,440,2014,53.9;
23,442,2014,49.9;
23,470,2014,50.0;
23,498,2014,51.9;
23,499,2014,50.6;
23,528,2014,50.5;
23,578,2014,49.7;
23,616,2014,51.6;
23,620,2014,52.5;
23,642,2014,51.1;
23,688,2014,51.3;
23,703,2014,51.3;
23,705,2014,50.5;
23,724,2014,50.8;
23,752,2014,50.0;
23,756,2014,50.6;
23,792,2014,49.8;
23,804,2014,53.8;
23,807,2014,49.9;
23,826,2014,50.8;
23,840,2014,50.8;
23,860,2014,49.9;
25,008,2014,2893654;
25,031,2014,9535079;
25,040,2014,8541575;
25,051,2014,3013839;
25,056,2014,11231213;
25,070,2014,3531159;
25,100,2014,7223938;
25,112,2014,9474511;
25,124,2014,35543658;
25,191,2014,4236063;
25,196,2014,852504;
25,203,2014,10525347;
25,208,2014,5643475;
25,233,2014,1314545;
25,246,2014,5461512;
25,250,2014,66152155;
25,268,2014,3727007;
25,276,2014,80982500;
25,300,2014,10892413;
25,348,2014,9866468;
25,352,2014,327386;
25,372,2014,4617225;
25,376,2014,8215700;
25,380,2014,60789140;
25,417,2014,5719852;
25,428,2014,1993782;
25,438,2014,37248;
25,440,2014,2932367;
25,442,2014,556319;
25,470,2014,427364;
25,498,2014,3556397;
25,499,2014,621810;
25,528,2014,16865008;
25,578,2014,5137232;
25,616,2014,38011735;
25,620,2014,10401062;
25,642,2014,19908979;
25,688,2014,7131787;
25,703,2014,5418649;
25,705,2014,2061980;
25,724,2014,46480882;
25,752,2014,9696110;
25,756,2014,8188649;
25,792,2014,77181884;
25,804,2014,45309293;
25,807,2014,2067471;
25,826,2014,64613160;
25,840,2014,318907401;
25,860,2014,30757669;
26,008,2013,1.8;
26,031,2013,2.2;
26,040,2013,1.4;
26,051,2013,1.6;
26,056,2013,1.8;
26,070,2013,1.2;
26,100,2013,1.5;
26,112,2013,1.7;
26,124,2013,1.6;
26,191,2013,1.5;
26,196,2013,1.3;
26,203,2013,1.5;
26,208,2013,1.7;
26,233,2013,1.5;
26,246,2013,1.8;
26,250,2013,2.0;
26,268,2013,1.7;
26,276,2013,1.4;
26,300,2013,1.3;
26,348,2013,1.4;
26,352,2013,1.9;
26,372,2013,2.0;
26,376,2013,3.0;
26,380,2013,1.4;
26,398,2013,2.6;
26,417,2013,3.1;
26,428,2013,1.5;
26,440,2013,1.6;
26,442,2013,1.6;
26,470,2013,1.4;
26,498,2013,1.2;
26,499,2013,1.7;
26,528,2013,1.7;
26,578,2013,1.8;
26,616,2013,1.3;
26,620,2013,1.2;
26,642,2013,1.4;
26,643,2013,1.7;
26,688,2013,1.4;
26,703,2013,1.3;
26,705,2013,1.6;
26,724,2013,1.3;
26,752,2013,1.9;
26,756,2013,1.5;
26,762,2013,3.8;
26,792,2013,2.1;
26,804,2013,1.5;
26,807,2013,1.5;
26,826,2013,1.8;
26,840,2013,1.9;
26,860,2013,2.4;
30,008,2015,42.9;
30,031,2015,48.9;
30,040,2015,46.9;
30,056,2015,46.2;
30,070,2015,38.9;
30,100,2015,46.6;
30,191,2015,46.4;
30,196,2015,48.6;
30,203,2015,44.2;
30,208,2015,47.0;
30,233,2015,48.8;
30,246,2015,48.5;
30,250,2015,48.1;
30,276,2015,46.4;
30,300,2015,44.6;
30,348,2015,45.9;
30,352,2015,47.7;
30,372,2015,44.8;
30,380,2015,42.1;
30,428,2015,49.8;
30,440,2015,50.5;
30,442,2015,45.5;
30,470,2015,38.6;
30,499,2015,45.4;
30,528,2015,46.3;
30,578,2015,47.0;
30,616,2015,45.0;
30,620,2015,48.8;
30,642,2015,42.8;
30,703,2015,45.1;
30,705,2015,46.0;
30,724,2015,46.3;
30,752,2015,47.6;
30,756,2015,46.6;
30,792,2015,31.0;
30,807,2015,39.4;
30,826,2015,46.7;
31,031,2013,53.2;
31,040,2013,29.6;
31,051,2013,47.0;
31,056,2013,33.4;
31,070,2013,38.9;
31,100,2013,49.7;
31,112,2013,41.1;
31,124,2013,59.6;
31,191,2013,47.8;
31,196,2013,38.3;
31,203,2013,28.3;
31,208,2013,34.5;
31,233,2013,44.4;
31,246,2013,31.5;
31,250,2013,25.5;
31,276,2013,27.9;
31,300,2013,39.4;
31,348,2013,30.3;
31,352,2013,44.4;
31,372,2013,32.3;
31,380,2013,35.7;
31,398,2013,49.9;
31,417,2013,43.5;
31,428,2013,52.0;
31,440,2013,51.2;
31,442,2013,27.3;
31,470,2013,29.8;
31,498,2013,48.0;
31,499,2013,50.9;
31,528,2013,23.6;
31,578,2013,36.9;
31,616,2013,37.8;
31,620,2013,45.4;
31,642,2013,45.7;
31,643,2013,40.9;
31,688,2013,50.5;
31,703,2013,42.7;
31,705,2013,36.0;
31,724,2013,39.3;
31,752,2013,33.3;
31,756,2013,32.4;
31,762,2013,20.4;
31,792,2013,36.2;
31,804,2013,45.8;
31,807,2013,52.6;
31,826,2013,38.1;
32,008,2014,46.3;
32,040,2014,50.8;
32,051,2014,23.7;
32,070,2014,63.2;
32,124,2014,53.3;
32,191,2014,69.3;
32,196,2014,43.6;
32,203,2014,60.5;
32,208,2014,55.2;
32,250,2014,60.8;
32,268,2014,50.6;
32,276,2014,42.2;
32,300,2014,72.4;
32,348,2014,69.0;
32,352,2014,38.5;
32,372,2014,28.4;
32,380,2014,47.0;
32,398,2014,47.3;
32,440,2014,60.4;
32,498,2014,43.8;
32,499,2014,56.0;
32,578,2014,43.1;
32,616,2014,63.9;
32,620,2014,58.4;
32,642,2014,72.0;
32,643,2014,62.2;
32,688,2014,70.0;
32,703,2014,62.5;
32,705,2014,78.2;
32,724,2014,51.5;
32,752,2014,47.3;
32,792,2014,36.3;
32,826,2014,24.3;
34,008,2014,24.5;
34,031,2014,23.5;
34,040,2014,29.0;
34,051,2014,24.1;
34,056,2014,28.6;
34,070,2014,26.7;
34,100,2014,26.5;
34,112,2014,25.4;
34,191,2014,28.0;
34,196,2014,28.8;
34,203,2014,28.1;
34,208,2014,29.1;
34,233,2014,26.5;
34,246,2014,28.6;
34,268,2014,24.4;
34,300,2014,29.8;
34,348,2014,28.2;
34,352,2014,27.3;
34,372,2014,30.5;
34,376,2014,27.5;
34,380,2014,30.7;
34,398,2014,25.0;
34,417,2014,23.3;
34,428,2014,26.9;
34,440,2014,26.8;
34,498,2014,24.0;
34,528,2014,29.5;
34,578,2014,28.7;
34,616,2014,27.2;
34,620,2014,30.0;
34,642,2014,22.0;
34,688,2014,27.8;
34,703,2014,27.4;
34,705,2014,29.0;
34,724,2014,30.6;
34,804,2014,25.0;
34,807,2014,26.6;
34,826,2014,28.5;
34,840,2014,26.3;
34,860,2014,23.4;
35,008,2014,39.0;
35,031,2014,13.5;
35,040,2014,10.3;
35,056,2014,23.2;
35,070,2014,62.7;
35,100,2014,23.8;
35,191,2014,45.5;
35,196,2014,36.0;
35,203,2014,15.9;
35,208,2014,12.6;
35,233,2014,15.0;
35,246,2014,20.5;
35,250,2014,24.2;
35,268,2014,30.8;
35,276,2014,7.7;
35,300,2014,52.4;
35,348,2014,20.4;
35,352,2014,9.8;
35,372,2014,23.9;
35,376,2014,10.6;
35,380,2014,42.7;
35,398,2014,3.8;
35,428,2014,19.6;
35,440,2014,19.3;
35,442,2014,22.6;
35,470,2014,11.8;
35,498,2014,9.8;
35,499,2014,35.8;
35,528,2014,12.7;
35,578,2014,7.9;
35,616,2014,23.9;
35,620,2014,34.8;
35,642,2014,24.0;
35,688,2014,47.5;
35,703,2014,29.7;
35,705,2014,20.2;
35,724,2014,53.2;
35,752,2014,22.9;
35,756,2014,8.6;
35,792,2014,17.8;
35,807,2014,53.1;
35,826,2014,16.9;
35,840,2014,15.5;
36,008,2015,47.2;
36,031,2015,34.8;
36,040,2015,49.1;
36,051,2015,41.4;
36,056,2015,81.3;
36,070,2015,56.9;
36,100,2015,64.0;
36,112,2015,59.8;
36,124,2015,33.8;
36,191,2015,47.2;
36,196,2015,60.9;
36,203,2015,76.8;
36,208,2015,47.2;
36,233,2015,75.1;
36,246,2015,37.1;
36,250,2015,31.4;
36,268,2015,64.9;
36,276,2015,39.2;
36,300,2015,31.8;
36,348,2015,81.8;
36,352,2015,46.2;
36,372,2015,92.2;
36,376,2015,27.7;
36,380,2015,27.0;
36,398,2015,24.7;
36,417,2015,72.2;
36,428,2015,60.1;
36,440,2015,76.5;
36,442,2015,202.6;
36,470,2015,137.7;
36,498,2015,73.7;
36,499,2015,61.1;
36,528,2015,71.7;
36,578,2015,32.0;
36,616,2015,46.6;
36,620,2015,39.8;
36,642,2015,41.6;
36,688,2015,56.4;
36,703,2015,91.1;
36,705,2015,68.8;
36,724,2015,30.7;
36,752,2015,40.8;
36,756,2015,51.2;
36,762,2015,58.5;
36,792,2015,30.8;
36,804,2015,54.8;
36,807,2015,65.0;
36,826,2015,29.3;
36,840,2015,15.5;
37,008,2014,76.4;
37,031,2014,72.1;
37,040,2014,79.2;
37,051,2014,71.5;
37,056,2014,78.8;
37,070,2014,73.7;
37,100,2014,71.1;
37,191,2014,74.7;
37,196,2014,80.9;
37,203,2014,75.8;
37,208,2014,78.7;
37,233,2014,72.4;
37,246,2014,78.4;
37,250,2014,79.5;
37,268,2014,70.8;
37,276,2014,78.7;
37,300,2014,78.9;
37,348,2014,72.3;
37,352,2014,81.3;
37,372,2014,79.3;
37,380,2014,80.7;
37,417,2014,66.3;
37,428,2014,69.1;
37,440,2014,69.2;
37,442,2014,79.4;
37,470,2014,79.8;
37,498,2014,68.2;
37,499,2014,74.1;
37,528,2014,80.0;
37,578,2014,80.1;
37,616,2014,73.7;
37,620,2014,78.0;
37,642,2014,71.4;
37,643,2014,65.1;
37,688,2014,72.8;
37,703,2014,73.3;
37,705,2014,78.2;
37,724,2014,80.4;
37,752,2014,80.4;
37,756,2014,81.1;
37,762,2014,71.6;
37,792,2014,74.7;
37,807,2014,73.5;
37,826,2014,79.5;
37,860,2014,71.1;
38,008,2014,80.3;
38,031,2014,77.1;
38,040,2014,84.0;
38,051,2014,77.9;
38,056,2014,83.9;
38,070,2014,78.8;
38,100,2014,78.0;
38,191,2014,81.0;
38,196,2014,84.7;
38,203,2014,82.0;
38,208,2014,82.8;
38,233,2014,81.9;
38,246,2014,84.1;
38,250,2014,86.0;
38,268,2014,79.4;
38,276,2014,83.6;
38,300,2014,84.1;
38,348,2014,79.4;
38,352,2014,84.5;
38,372,2014,83.5;
38,380,2014,85.6;
38,417,2014,74.3;
38,428,2014,79.4;
38,440,2014,80.1;
38,442,2014,85.2;
38,470,2014,84.2;
38,498,2014,75.7;
38,499,2014,78.9;
38,528,2014,83.5;
38,578,2014,84.2;
38,616,2014,81.7;
38,620,2014,84.4;
38,642,2014,78.7;
38,643,2014,76.3;
38,688,2014,78.0;
38,703,2014,80.5;
38,705,2014,84.1;
38,724,2014,86.2;
38,752,2014,84.2;
38,756,2014,85.4;
38,762,2014,75.3;
38,792,2014,79.2;
38,807,2014,77.5;
38,826,2014,83.2;
38,860,2014,75.8;
39,008,2013,2235;
39,031,2013,2997;
39,040,2013,48044;
39,051,2013,3702;
39,056,2013,46671;
39,070,2013,9578;
39,100,2013,8193;
39,112,2013,5569;
39,191,2013,15284;
39,196,2013,1129;
39,203,2013,25288;
39,208,2013,3394;
39,233,2013,1707;
39,246,2013,6681;
39,250,2013,70607;
39,268,2013,8045;
39,276,2013,374142;
39,300,2013,15175;
39,348,2013,20098;
39,352,2013,1214;
39,372,2013,7978;
39,376,2013,24017;
39,380,2013,257421;
39,398,2013,17488;
39,417,2013,10728;
39,428,2013,4338;
39,438,2013,111;
39,440,2013,4008;
39,442,2013,1252;
39,470,2013,1590;
39,498,2013,3220;
39,499,2013,1722;
39,528,2013,10629;
39,578,2013,6841;
39,616,2013,44059;
39,620,2013,38753;
39,642,2013,31464;
39,643,2013,258437;
39,688,2013,18406;
39,703,2013,6438;
39,705,2013,8742;
39,724,2013,124720;
39,752,2013,20259;
39,756,2013,21379;
39,792,2013,274829;
39,804,2013,37521;
39,807,2013,6484;
39,826,2013,191088;
39,840,2013,2312845;
39,860,2013,112228;
40,008,2013,334;
40,031,2013,1168;
40,040,2013,455;
40,051,2013,306;
40,056,2013,723;
40,070,2013,334;
40,100,2013,601;
40,112,2013,1039;
40,191,2013,368;
40,196,2013,44;
40,203,2013,654;
40,208,2013,191;
40,233,2013,81;
40,246,2013,258;
40,250,2013,3268;
40,268,2013,514;
40,276,2013,3339;
40,300,2013,879;
40,348,2013,591;
40,352,2013,15;
40,372,2013,190;
40,376,2013,277;
40,380,2013,3385;
40,398,2013,3022;
40,417,2013,1220;
40,428,2013,179;
40,438,2013,2;
40,440,2013,256;
40,442,2013,45;
40,470,2013,18;
40,498,2013,301;
40,499,2013,56;
40,528,2013,476;
40,578,2013,187;
40,616,2013,3357;
40,620,2013,637;
40,642,2013,1861;
40,643,2013,27025;
40,688,2013,591;
40,703,2013,223;
40,705,2013,125;
40,724,2013,1680;
40,752,2013,260;
40,756,2013,269;
40,762,2013,441;
40,792,2013,3685;
40,804,2013,4833;
40,807,2013,198;
40,826,2013,1770;
40,840,2013,32719;
40,860,2013,2161;
41,008,2013,1000.0;
41,031,2013,18994.0;
41,040,2013,1719.0;
41,100,2013,605.0;
41,191,2013,1295.0;
41,196,2013,257.0;
41,203,2013,776.0;
41,233,2013,140.0;
41,246,2013,810.0;
41,250,2013,11552.0;
41,276,2013,12917.0;
41,348,2013,1766.9;
41,372,2013,897.0;
41,380,2013,6726.0;
41,428,2013,0.0;
41,440,2013,309.0;
41,578,2013,392.0;
41,616,2013,1482.0;
41,620,2013,3035.0;
41,642,2013,644.0;
41,643,2013,495.0;
41,688,2013,607.0;
41,703,2013,419.8;
41,705,2013,770.0;
41,724,2013,14701.0;
41,752,2013,2044.0;
41,756,2013,1419.0;
41,792,2013,2127.0;
41,804,2013,15.0;
41,807,2013,259.0;
42,031,2013,2068.0;
42,040,2013,5531.0;
42,070,2013,1027.0;
42,100,2013,4032.0;
42,191,2013,2722.0;
42,203,2013,9560.0;
42,233,2013,1166.0;
42,246,2013,5944.0;
42,250,2013,30318.0;
42,268,2013,1418.0;
42,276,2013,41328.0;
42,348,2013,7356.7;
42,372,2013,1931.0;
42,380,2013,16752.0;
42,398,2013,4170.6;
42,417,2013,417.2;
42,428,2013,1859.0;
42,440,2013,1767.6;
42,498,2013,1156.9;
42,578,2013,3891.0;
42,616,2013,19328.0;
42,620,2013,2544.4;
42,642,2013,10768.0;
42,643,2013,85607.0;
42,688,2013,3819.0;
42,703,2013,3631.0;
42,705,2013,1209.0;
42,724,2013,13976.0;
42,752,2013,10957.0;
42,792,2013,9718.0;
42,804,2013,21619.4;
42,807,2013,699.0;
42,840,2013,153266.0;
43,008,2015,17.1;
43,031,2015,5.0;
43,040,2015,5.7;
43,051,2015,18.5;
43,056,2015,8.5;
43,070,2015,27.7;
43,100,2015,9.2;
43,112,2015,0.9;
43,124,2015,6.9;
43,191,2015,16.3;
43,196,2015,15.0;
43,203,2015,5.1;
43,208,2015,6.2;
43,233,2015,6.2;
43,246,2015,9.4;
43,250,2015,10.4;
43,268,2015,12.0;
43,276,2015,4.6;
43,300,2015,24.9;
43,348,2015,6.8;
43,352,2015,4.0;
43,372,2015,9.4;
43,376,2015,5.3;
43,380,2015,11.9;
43,398,2015,5.0;
43,417,2015,7.6;
43,428,2015,9.9;
43,438,2015,2.4;
43,440,2015,9.1;
43,442,2015,6.4;
43,470,2015,5.4;
43,498,2015,4.9;
43,499,2015,17.6;
43,528,2015,6.9;
43,578,2015,4.4;
43,616,2015,7.5;
43,620,2015,12.6;
43,642,2015,6.8;
43,688,2015,17.7;
43,703,2015,11.5;
43,705,2015,9.0;
43,724,2015,22.1;
43,752,2015,7.4;
43,756,2015,4.5;
43,762,2015,2.4;
43,792,2015,10.3;
43,804,2015,9.1;
43,826,2015,5.3;
43,840,2015,5.3;
43,860,2015,5.1;
44,031,2013,103;
44,040,2013,547;
44,056,2013,495;
44,070,2013,196;
44,100,2013,401;
44,124,2013,594;
44,191,2013,340;
44,196,2013,551;
44,203,2013,450;
44,233,2013,476;
44,246,2013,571;
44,250,2013,489;
44,268,2013,150;
44,276,2013,544;
44,348,2013,307;
44,372,2013,431;
44,376,2013,287;
44,380,2013,609;
44,398,2013,217;
44,428,2013,315;
44,440,2013,612;
44,442,2013,670;
44,470,2013,605;
44,498,2013,128;
44,578,2013,492;
44,616,2013,504;
44,620,2013,414;
44,642,2013,235;
44,643,2013,271;
44,688,2013,240;
44,703,2013,347;
44,705,2013,517;
44,724,2013,476;
44,752,2013,468;
44,756,2013,532;
44,792,2013,122;
44,807,2013,147;
45,031,2013,122;
45,040,2013,10;
45,056,2013,13;
45,070,2013,39;
45,100,2013,21;
45,191,2013,25;
45,196,2013,9;
45,203,2013,14;
45,233,2013,13;
45,246,2013,8;
45,250,2013,10;
45,268,2013,90;
45,276,2013,8;
45,348,2013,19;
45,372,2013,10;
45,376,2013,12;
45,380,2013,9;
45,398,2013,83;
45,428,2013,28;
45,438,2013,7;
45,440,2013,14;
45,442,2013,10;
45,470,2013,7;
45,498,2013,98;
45,578,2013,7;
45,616,2013,17;
45,620,2013,15;
45,642,2013,40;
45,643,2013,72;
45,688,2013,36;
45,703,2013,12;
45,705,2013,12;
45,724,2013,9;
45,752,2013,6;
45,756,2013,8;
45,792,2013,40;
45,807,2013,44;
46,031,2013,313;
46,040,2013,1035;
46,056,2013,850;
46,070,2013,1197;
46,100,2013,292;
46,191,2013,1056;
46,196,2013,238;
46,203,2013,535;
46,233,2013,284;
46,246,2013,215;
46,250,2013,219;
46,268,2013,1150;
46,276,2013,853;
46,348,2013,661;
46,372,2013,409;
46,376,2013,1042;
46,380,2013,696;
46,398,2013,480;
46,428,2013,684;
46,438,2013,395;
46,440,2013,222;
46,442,2013,387;
46,470,2013,637;
46,498,2013,769;
46,578,2013,274;
46,616,2013,227;
46,620,2013,896;
46,642,2013,670;
46,643,2013,667;
46,688,2013,1066;
46,703,2013,353;
46,705,2013,822;
46,724,2013,521;
46,752,2013,451;
46,756,2013,522;
46,792,2013,2960;
46,807,2013,2036;
47,008,2013,34.8;
47,031,2013,23.9;
47,100,2013,49.9;
47,191,2013,72.3;
47,203,2013,197.9;
47,233,2013,47.4;
47,246,2013,25.2;
47,276,2013,115.8;
47,348,2013,102.4;
47,372,2013,34.5;
47,380,2013,80.6;
47,428,2013,33.5;
47,440,2013,33.5;
47,498,2013,34.2;
47,578,2013,12.8;
47,616,2013,118.1;
47,620,2013,27.7;
47,642,2013,85.1;
47,703,2013,74.1;
47,705,2013,107.5;
47,724,2013,38.1;
47,752,2013,34.4;
47,792,2013,15.0;
47,807,2013,35.9;
47,840,2013,27.1;
48,008,2013,115;
48,031,2013,126;
48,040,2013,54;
48,051,2013,101;
48,056,2013,65;
48,070,2013,87;
48,100,2013,83;
48,112,2013,109;
48,191,2013,86;
48,196,2013,51;
48,203,2013,62;
48,208,2013,34;
48,233,2013,61;
48,246,2013,47;
48,268,2013,115;
48,276,2013,41;
48,300,2013,80;
48,348,2013,60;
48,352,2013,46;
48,372,2013,41;
48,376,2013,34;
48,380,2013,56;
48,398,2013,180;
48,417,2013,212;
48,428,2013,89;
48,440,2013,87;
48,442,2013,83;
48,470,2013,43;
48,498,2013,85;
48,499,2013,90;
48,528,2013,28;
48,578,2013,37;
48,616,2013,87;
48,642,2013,93;
48,643,2013,189;
48,688,2013,82;
48,703,2013,41;
48,705,2013,61;
48,724,2013,36;
48,752,2013,27;
48,756,2013,33;
48,762,2013,56;
48,792,2013,48;
48,804,2013,106;
48,807,2013,96;
48,826,2013,28;
48,840,2013,103;
48,860,2013,76;
49,008,2013,771;
49,031,2013,322;
49,040,2013,5667;
49,051,2013,1224;
49,056,2013,4203;
49,070,2013,2505;
49,100,2013,1121;
49,112,2013,587;
49,191,2013,3590;
49,196,2013,1310;
49,203,2013,2406;
49,208,2013,605;
49,233,2013,1288;
49,246,2013,1228;
49,268,2013,1793;
49,276,2013,4639;
49,300,2013,1384;
49,348,2013,2032;
49,352,2013,3750;
49,372,2013,1738;
49,376,2013,2980;
49,380,2013,4245;
49,398,2013,1040;
49,417,2013,1867;
49,428,2013,2155;
49,440,2013,1355;
49,442,2013,2296;
49,470,2013,3791;
49,498,2013,905;
49,499,2013,2760;
49,528,2013,633;
49,578,2013,1347;
49,616,2013,1144;
49,642,2013,1574;
49,643,2013,1803;
49,688,2013,2556;
49,703,2013,1191;
49,705,2013,4245;
49,724,2013,2677;
49,752,2013,2110;
49,756,2013,2643;
49,792,2013,3609;
49,804,2013,825;
49,807,2013,3141;
49,826,2013,2981;
49,840,2013,7293;
49,860,2013,3925;
50,008,2008,66;
50,031,2008,81;
50,051,2008,75;
50,191,2008,4234;
50,196,2008,293;
50,203,2008,2334;
50,268,2008,378;
50,376,2008,473;
50,417,2008,5925;
50,498,2008,326;
50,643,2008,18191;
50,703,2008,1377;
50,756,2008,2134;
50,792,2008,3256;
50,804,2008,3518;
50,807,2008,133;
50,840,2008,182002;
51,031,2012,13307;
51,040,2012,16143;
51,056,2012,33107;
51,070,2012,2301;
51,100,2012,24387;
51,112,2012,22031;
51,191,2012,8649;
51,196,2012,896;
51,203,2012,51228;
51,208,2012,16679;
51,233,2012,5793;
51,246,2012,25458;
51,250,2012,283450;
51,268,2012,637;
51,276,2012,307106;
51,300,2012,20597;
51,348,2012,33735;
51,372,2012,9895;
51,380,2012,124016;
51,398,2012,132297;
51,417,2012,1143;
51,428,2012,12178;
51,438,2012,281;
51,440,2012,23449;
51,442,2012,6687;
51,498,2012,3955;
51,499,2012,76;
51,528,2012,70111;
51,578,2012,20166;
51,616,2012,233310;
51,620,2012,29767;
51,642,2012,29662;
51,643,2012,248862;
51,688,2012,2474;
51,703,2012,29504;
51,705,2012,15888;
51,724,2012,199205;
51,752,2012,33476;
51,756,2012,17238;
51,762,2012,5783;
51,792,2012,216123;
51,804,2012,57453;
51,807,2012,8965;
51,840,2012,1854905;
52,008,2012,16;
52,031,2012,591;
52,040,2012,11323;
52,070,2012,57;
52,100,2012,1876;
52,112,2012,8977;
52,124,2012,1354;
52,191,2012,1104;
52,203,2012,7265;
52,208,2012,7026;
52,233,2012,236;
52,246,2012,4034;
52,250,2012,91205;
52,268,2012,625;
52,276,2012,88796;
52,300,2012,958;
52,348,2012,7806;
52,372,2012,1722;
52,376,2012,2133;
52,380,2012,39368;
52,398,2012,19256;
52,417,2012,76;
52,428,2012,717;
52,440,2012,278;
52,442,2012,373;
52,498,2012,347;
52,499,2012,62;
52,528,2012,16842;
52,578,2012,3186;
52,616,2012,17826;
52,620,2012,3803;
52,642,2012,4571;
52,643,2012,144612;
52,688,2012,540;
52,703,2012,2459;
52,705,2012,742;
52,724,2012,21144;
52,752,2012,11687;
52,756,2012,19262;
52,762,2012,24;
52,792,2012,4598;
52,804,2012,49329;
52,807,2012,99;
52,826,2012,58709;
52,840,2012,10949;
53,008,2012,51;
53,031,2012,8212;
53,040,2012,19499;
53,070,2012,1190;
53,100,2012,2908;
53,112,2012,48351;
53,124,2012,246400;
53,191,2012,2332;
53,203,2012,14266;
53,208,2012,2278;
53,233,2012,5126;
53,246,2012,9275;
53,250,2012,32552;
53,268,2012,5977;
53,276,2012,110065;
53,348,2012,9230;
53,372,2012,91;
53,376,2012,1011;
53,380,2012,11547;
53,398,2012,235893;
53,417,2012,923;
53,428,2012,21867;
53,440,2012,14172;
53,442,2012,230;
53,498,2012,945;
53,499,2012,73;
53,528,2012,6157;
53,578,2012,3489;
53,616,2012,48903;
53,620,2012,2421;
53,642,2012,13472;
53,643,2012,2222389;
53,688,2012,2769;
53,703,2012,7591;
53,705,2012,3470;
53,724,2012,7049;
53,752,2012,21604;
53,756,2012,11061;
53,762,2012,555;
53,792,2012,10691;
53,804,2012,237722;
53,807,2012,423;
53,826,2012,21467;
53,840,2012,2477126;
54,008,2013,1870;
54,031,2013,2892;
54,040,2013,38502;
54,051,2013,2577;
54,056,2013,35632;
54,070,2013,6826;
54,100,2013,7015;
54,112,2013,5187;
54,191,2013,11228;
54,196,2013,774;
54,203,2013,20342;
54,208,2013,2984;
54,233,2013,1381;
54,246,2013,5334;
54,250,2013,56812;
54,268,2013,5510;
54,276,2013,291105;
54,300,2013,12109;
54,348,2013,15691;
54,352,2013,822;
54,372,2013,5610;
54,376,2013,13048;
54,380,2013,181227;
54,398,2013,14168;
54,417,2013,7497;
54,428,2013,3489;
54,438,2013,91;
54,440,2013,3391;
54,442,2013,949;
54,470,2013,1276;
54,498,2013,2605;
54,528,2013,9522;
54,578,2013,5241;
54,616,2013,35847;
54,620,2013,30339;
54,642,2013,24827;
54,643,2013,204068;
54,688,2013,13522;
54,703,2013,5113;
54,705,2013,6568;
54,724,2013,89519;
54,752,2013,14942;
54,756,2013,17473;
54,762,2013,1527;
54,792,2013,161306;
54,804,2013,30681;
54,807,2013,4230;
54,826,2013,144480;
54,840,2013,1621073;
54,860,2013,10611;
55,040,2013,2406;
55,056,2013,10420;
55,100,2013,5366;
55,191,2013,771;
55,203,2013,25;
55,246,2013,121;
55,250,2013,8849;
55,276,2013,60070;
55,348,2013,1924;
55,398,2013,62;
55,417,2013,2;
55,440,2013,0;
55,498,2013,0;
55,528,2013,46631;
55,616,2013,767;
55,642,2013,12242;
55,643,2013,76274;
55,688,2013,605;
55,703,2013,1006;
55,756,2013,50;
55,804,2013,1748;
55,826,2013,211;
55,840,2013,280972;
56,040,2012,31772;
56,100,2012,12480;
56,191,2012,4457;
56,203,2012,11392;
56,276,2012,87898;
56,398,2012,213222;
56,428,2012,6308;
56,440,2012,14724;
56,616,2012,52985;
56,642,2012,5771;
56,724,2012,26431;
56,756,2012,4226;
56,826,2012,147595;
57,008,2012,2569;
57,031,2012,4165;
57,040,2012,51426;
57,051,2012,4008;
57,056,2012,50532;
57,070,2012,9290;
57,100,2012,8794;
57,112,2012,6608;
57,124,2012,168731;
57,191,2012,16405;
57,196,2012,1432;
57,203,2012,26257;
57,208,2012,3778;
57,233,2012,1794;
57,246,2012,7343;
57,250,2012,79504;
57,268,2012,8339;
57,276,2012,387978;
57,300,2012,16628;
57,348,2012,19590;
57,352,2012,1043;
57,372,2012,8140;
57,376,2012,23904;
57,380,2012,270617;
57,398,2012,20510;
57,417,2012,9578;
57,428,2012,4356;
57,438,2012,109;
57,440,2012,4254;
57,442,2012,1412;
57,470,2012,1599;
57,498,2012,3954;
57,499,2012,1778;
57,528,2012,6095;
57,578,2012,8340;
57,616,2012,49363;
57,620,2012,38823;
57,642,2012,36251;
57,643,2012,286609;
57,688,2012,19021;
57,703,2012,6734;
57,705,2012,9278;
57,724,2012,117793;
57,752,2012,23174;
57,756,2012,22557;
57,792,2012,271829;
57,804,2012,42650;
57,807,2012,6281;
57,826,2012,204733;
57,840,2012,2395957;
57,860,2012,114389;
58,008,2013,179;
58,031,2013,404;
58,040,2013,12;
58,051,2013,119;
58,056,2013,20;
58,070,2013,49;
58,100,2013,86;
58,112,2013,200;
58,191,2013,33;
58,196,2013,57;
58,203,2013,32;
58,208,2013,64;
58,233,2013,59;
58,246,2013,48;
58,250,2013,58;
58,268,2013,93;
58,276,2013,11;
58,300,2013,73;
58,348,2013,38;
58,352,2013,18;
58,372,2013,29;
58,376,2013,21;
58,380,2013,19;
58,398,2013,213;
58,417,2013,163;
58,428,2013,51;
58,438,2013,22;
58,440,2013,75;
58,442,2013,47;
58,470,2013,14;
58,498,2013,116;
58,528,2013,50;
58,578,2013,36;
58,616,2013,94;
58,620,2013,21;
58,642,2013,75;
58,643,2013,132;
58,688,2013,44;
58,703,2013,44;
58,705,2013,19;
58,724,2013,19;
58,752,2013,17;
58,756,2013,15;
58,762,2013,289;
58,792,2013,23;
58,804,2013,158;
58,807,2013,47;
58,826,2013,12;
58,840,2013,20;
58,860,2013,204;
59,031,2013,408;
59,040,2013,82;
59,056,2013,99;
59,100,2013,108;
59,191,2013,69;
59,196,2013,8;
59,203,2013,162;
59,233,2013,23;
59,246,2013,34;
59,250,2013,465;
59,268,2013,125;
59,276,2013,557;
59,348,2013,147;
59,372,2013,29;
59,376,2013,91;
59,380,2013,549;
59,417,2013,381;
59,428,2013,70;
59,440,2013,96;
59,470,2013,5;
59,498,2013,93;
59,578,2013,16;
59,616,2013,579;
59,620,2013,144;
59,642,2013,534;
59,643,2013,7798;
59,705,2013,20;
59,724,2013,376;
59,752,2013,42;
59,756,2013,75;
59,792,2013,653;
59,804,2013,1890;
59,807,2013,45;
59,826,2013,420;
59,840,2013,4735;
60,031,2009,871;
60,040,2009,3995;
60,056,2009,3881;
60,191,2009,2050;
60,196,2009,184;
60,203,2009,3617;
60,208,2009,442;
60,233,2009,348;
60,246,2009,546;
60,250,2009,12503;
60,276,2009,31647;
60,300,2009,2579;
60,348,2009,2883;
60,352,2009,86;
60,372,2009,1114;
60,376,2009,3183;
60,380,2009,20325;
60,428,2009,873;
60,442,2009,166;
60,470,2009,91;
60,528,2009,1312;
60,578,2009,667;
60,616,2009,12023;
60,620,2009,5654;
60,642,2009,10158;
60,703,2009,1439;
60,705,2009,762;
60,724,2009,10417;
60,752,2009,1675;
60,756,2009,2460;
60,792,2009,18740;
60,804,2009,11308;
60,807,2009,1055;
60,826,2009,27214;
60,840,2009,69000;
61,031,2009,283;
61,040,2009,420;
61,051,2009,145;
61,056,2009,701;
61,191,2009,305;
61,203,2009,544;
61,208,2009,198;
61,233,2009,49;
61,246,2009,183;
61,250,2009,3039;
61,276,2009,2938;
61,300,2009,964;
61,348,2009,490;
61,352,2009,9;
61,372,2009,171;
61,380,2009,2934;
61,428,2009,115;
61,442,2009,27;
61,470,2009,8;
61,528,2009,488;
61,578,2009,136;
61,616,2009,2166;
61,620,2009,561;
61,642,2009,1055;
61,703,2009,178;
61,705,2009,110;
61,724,2009,1692;
61,752,2009,286;
61,756,2009,246;
61,792,2009,1082;
61,804,2009,1842;
61,807,2009,81;
61,826,2009,1383;
62,031,2009,990;
62,040,2009,34515;
62,051,2009,987;
62,056,2009,39418;
62,191,2009,13257;
62,203,2009,15760;
62,208,2009,3479;
62,233,2009,948;
62,246,2009,5540;
62,250,2009,60238;
62,276,2009,288328;
62,300,2009,11760;
62,348,2009,13225;
62,352,2009,782;
62,372,2009,5730;
62,380,2009,213196;
62,428,2009,1714;
62,442,2009,849;
62,470,2009,453;
62,528,2009,17546;
62,578,2009,6557;
62,616,2009,25135;
62,620,2009,25576;
62,642,2009,13527;
62,703,2009,4135;
62,705,2009,8224;
62,724,2009,77993;
62,752,2009,18061;
62,756,2009,18305;
62,792,2009,59998;
62,804,2009,15670;
62,807,2009,3072;
62,826,2009,144085;
200,008,2009,0.6;
200,031,2009,0.4;
200,051,2009,1.3;
200,112,2009,0.2;
200,191,2009,0.1;
200,268,2009,15.2;
200,398,2009,0.1;
200,417,2009,6.2;
200,428,2009,0.2;
200,440,2009,0.2;
200,498,2009,0.4;
200,499,2009,0.0;
200,616,2009,0.1;
200,642,2009,0.4;
200,643,2009,0.0;
200,688,2009,0.3;
200,703,2009,0.1;
200,762,2009,6.6;
200,792,2009,0.6;
200,804,2009,0.1;
200,807,2009,0.0;
210,031,2012,6.0;
210,112,2012,6.3;
210,398,2012,3.8;
210,498,2012,16.6;
210,499,2012,11.3;
210,643,2012,10.7;
220,031,2012,60.9;
220,040,2012,58.8;
220,051,2012,51.4;
220,056,2012,49.2;
220,070,2012,31.7;
220,100,2012,46.6;
220,124,2012,61.8;
220,191,2012,38.1;
220,196,2012,55.9;
220,203,2012,54.5;
220,208,2012,58.4;
220,233,2012,55.4;
220,246,2012,61.4;
220,250,2012,51.1;
220,268,2012,56.8;
220,276,2012,55.6;
220,300,2012,40.1;
220,348,2012,50.6;
220,352,2012,75.6;
220,372,2012,51.1;
220,376,2012,59.2;
220,380,2012,44.0;
220,398,2012,67.9;
220,428,2012,50.9;
220,440,2012,50.1;
220,442,2012,55.7;
220,470,2012,48.2;
220,498,2012,38.4;
220,499,2012,40.2;
220,528,2012,61.8;
220,578,2012,69.2;
220,616,2012,50.2;
220,620,2012,51.4;
220,642,2012,51.1;
220,643,2012,64.9;
220,688,2012,35.5;
220,703,2012,50.9;
220,705,2012,52.5;
220,724,2012,45.0;
220,752,2012,65.5;
220,756,2012,65.3;
220,792,2012,45.4;
220,804,2012,59.7;
220,807,2012,38.1;
220,826,2012,58.2;
220,840,2012,58.6;
230,031,2011,99.7;
230,051,2011,96.7;
230,070,2011,97.6;
230,112,2011,100.1;
230,398,2011,90.9;
230,417,2011,97.1;
230,498,2011,90.1;
230,499,2011,98.0;
240,008,2012,37.1;
240,031,2012,42.7;
240,040,2012,47.9;
240,051,2012,45.7;
240,056,2012,47.6;
240,070,2012,41.4;
240,100,2012,49.8;
240,112,2012,52.2;
240,124,2012,49.9;
240,191,2012,47.0;
240,196,2012,51.2;
240,203,2012,46.2;
240,208,2012,49.7;
240,233,2012,53.2;
240,246,2012,51.5;
240,250,2012,49.9;
240,268,2012,45.7;
240,276,2012,47.9;
240,300,2012,44.4;
240,348,2012,48.8;
240,352,2012,51.3;
240,372,2012,51.9;
240,376,2012,49.1;
240,380,2012,45.3;
240,417,2012,42.0;
240,428,2012,53.8;
240,440,2012,53.7;
240,442,2012,44.5;
240,470,2012,39.4;
240,498,2012,54.9;
240,499,2012,47.2;
240,528,2012,48.6;
240,578,2012,49.1;
240,616,2012,46.7;
240,620,2012,50.3;
240,642,2012,45.6;
240,643,2012,50.6;
240,688,2012,45.0;
240,703,2012,47.6;
240,705,2012,48.0;
240,724,2012,48.7;
240,752,2012,50.2;
240,756,2012,47.0;
240,792,2012,25.0;
240,804,2012,49.6;
240,807,2012,41.9;
240,826,2012,49.2;
240,840,2012,47.8;
250,008,2012,16.7;
250,031,2012,35.2;
250,040,2012,4.0;
250,051,2012,16.4;
250,056,2012,4.2;
250,070,2012,6.7;
250,100,2012,12.1;
250,112,2012,5.2;
250,124,2012,5.3;
250,191,2012,4.7;
250,196,2012,3.2;
250,203,2012,3.8;
250,208,2012,3.7;
250,233,2012,3.6;
250,246,2012,2.9;
250,250,2012,4.1;
250,268,2012,19.9;
250,276,2012,4.1;
250,300,2012,4.8;
250,348,2012,6.2;
250,352,2012,2.3;
250,372,2012,4.0;
250,376,2012,4.2;
250,380,2012,3.8;
250,398,2012,18.7;
250,417,2012,26.6;
250,428,2012,8.7;
250,440,2012,5.4;
250,442,2012,2.2;
250,470,2012,6.8;
250,498,2012,17.6;
250,499,2012,5.9;
250,528,2012,4.1;
250,578,2012,2.8;
250,616,2012,5.0;
250,620,2012,3.6;
250,642,2012,12.2;
250,643,2012,10.3;
250,688,2012,6.6;
250,703,2012,7.5;
250,705,2012,3.1;
250,724,2012,4.5;
250,752,2012,2.9;
250,756,2012,4.3;
250,762,2012,58.3;
250,792,2012,14.2;
250,795,2012,52.8;
250,804,2012,10.7;
250,807,2012,7.4;
250,826,2012,4.8;
250,840,2012,7.1;
250,860,2012,39.6;
260,031,2010,15.7;
260,051,2010,9.0;
260,070,2010,3.0;
260,112,2010,1.0;
260,398,2010,22.7;
260,417,2010,51.3;
260,498,2010,44.5;
260,499,2010,0.0;
260,642,2010,21.1;
260,762,2010,46.2;
260,804,2010,23.5;
270,008,2012,16.0;
270,031,2012,95.0;
270,040,2012,7.9;
270,051,2012,52.0;
270,056,2012,9.7;
270,070,2012,49.0;
270,100,2012,32.0;
270,112,2012,70.0;
270,124,2012,4.6;
270,191,2012,14.0;
270,196,2012,5.4;
270,203,2012,5.3;
270,208,2012,7.4;
270,233,2012,23.0;
270,246,2012,5.5;
270,250,2012,8.2;
270,268,2012,116.0;
270,276,2012,5.6;
270,300,2012,4.5;
270,348,2012,18.0;
270,352,2012,3.5;
270,372,2012,8.6;
270,376,2012,7.6;
270,380,2012,6.7;
270,398,2012,137.0;
270,417,2012,141.0;
270,428,2012,53.0;
270,440,2012,66.0;
270,442,2012,6.5;
270,470,2012,11.0;
270,498,2012,160.0;
270,499,2012,18.0;
270,528,2012,6.3;
270,578,2012,7.5;
270,616,2012,21.0;
270,620,2012,26.0;
270,642,2012,94.0;
270,643,2012,91.0;
270,688,2012,23.0;
270,703,2012,6.8;
270,705,2012,7.5;
270,724,2012,14.0;
270,752,2012,7.2;
270,756,2012,6.0;
270,762,2012,108.0;
270,792,2012,22.0;
270,795,2012,75.0;
270,804,2012,93.0;
270,807,2012,18.0;
270,826,2012,15.0;
270,840,2012,3.6;
270,860,2012,78.0;
280,008,2012,9.5;
280,031,2012,7.4;
280,040,2012,23.6;
280,051,2012,8.1;
280,056,2012,24.5;
280,070,2012,1.5;
280,100,2012,35.4;
280,112,2012,8.3;
280,124,2012,7.0;
280,191,2012,10.3;
280,196,2012,17.1;
280,203,2012,22.4;
280,208,2012,23.6;
280,233,2012,23.2;
280,246,2012,15.2;
280,250,2012,28.7;
280,268,2012,3.7;
280,276,2012,49.0;
280,300,2012,21.5;
280,348,2012,23.1;
280,352,2012,13.3;
280,372,2012,12.8;
280,376,2012,14.7;
280,380,2012,21.0;
280,398,2012,3.3;
280,417,2012,6.3;
280,428,2012,17.6;
280,440,2012,17.3;
280,442,2012,39.7;
280,470,2012,2.2;
280,498,2012,3.8;
280,499,2012,12.8;
280,528,2012,31.5;
280,578,2012,12.2;
280,616,2012,34.8;
280,620,2012,14.7;
280,642,2012,19.2;
280,643,2012,11.4;
280,688,2012,6.3;
280,703,2012,36.1;
280,705,2012,54.9;
280,724,2012,25.3;
280,752,2012,13.9;
280,756,2012,26.3;
280,762,2012,4.8;
280,792,2012,2.1;
280,795,2012,3.2;
280,804,2012,4.5;
280,807,2012,7.3;
280,826,2012,23.4;
280,840,2012,15.1;
280,860,2012,3.3;
290,008,2009,129.0;
290,031,2009,87.0;
290,051,2009,81.7;
290,070,2009,85.0;
290,112,2009,100.1;
290,398,2009,104.8;
290,417,2009,78.8;
290,498,2009,78.1;
290,499,2009,186.0;
290,688,2009,119.7;
290,792,2009,86.6;
300,008,2013,30.5;
300,031,2013,27.7;
300,040,2013,32.2;
300,051,2013,29.1;
300,056,2013,31.8;
300,070,2013,29.6;
300,100,2013,30.3;
300,112,2013,27.1;
300,191,2013,31.0;
300,196,2013,30.6;
300,203,2013,32.3;
300,208,2013,34.9;
300,233,2013,30.8;
300,246,2013,32.8;
300,268,2013,30.1;
300,276,2013,33.5;
300,300,2013,33.7;
300,348,2013,32.3;
300,372,2013,33.6;
300,376,2013,31.3;
300,380,2013,34.2;
300,398,2013,27.0;
300,417,2013,26.7;
300,428,2013,30.4;
300,440,2013,29.3;
300,442,2013,31.9;
300,498,2013,26.0;
300,499,2013,31.0;
300,528,2013,33.1;
300,578,2013,33.6;
300,616,2013,27.9;
300,620,2013,31.7;
300,642,2013,30.0;
300,688,2013,31.0;
300,703,2013,30.7;
300,705,2013,32.0;
300,724,2013,34.0;
300,752,2013,35.6;
300,756,2013,31.7;
300,762,2013,25.7;
300,792,2013,26.7;
300,804,2013,27.0;
300,807,2013,28.6;
300,826,2013,32.5;
300,840,2013,29.0;
300,860,2013,25.9;
303,008,2013,24.9;
303,031,2013,23.7;
303,040,2013,29.8;
303,051,2013,25.8;
303,056,2013,29.4;
303,070,2013,26.4;
303,100,2013,27.3;
303,112,2013,25.0;
303,191,2013,28.0;
303,196,2013,28.7;
303,203,2013,29.8;
303,208,2013,32.2;
303,233,2013,28.4;
303,246,2013,30.6;
303,268,2013,26.9;
303,276,2013,30.7;
303,300,2013,30.1;
303,348,2013,29.5;
303,372,2013,32.0;
303,376,2013,28.6;
303,380,2013,31.1;
303,398,2013,24.5;
303,417,2013,23.4;
303,428,2013,28.5;
303,440,2013,27.0;
303,442,2013,29.8;
303,498,2013,24.0;
303,499,2013,28.0;
303,528,2013,30.5;
303,578,2013,31.6;
303,616,2013,25.9;
303,620,2013,30.2;
303,642,2013,27.0;
303,688,2013,28.0;
303,703,2013,28.1;
303,705,2013,29.0;
303,724,2013,32.0;
303,752,2013,33.0;
303,756,2013,29.5;
303,762,2013,22.3;
303,792,2013,23.5;
303,804,2013,25.0;
303,807,2013,25.8;
303,826,2013,30.6;
303,840,2013,26.6;
303,860,2013,22.5;
304,031,2012,3.0;
304,040,2012,21.0;
304,051,2012,8.0;
304,056,2012,36.9;
304,100,2012,15.0;
304,112,2012,19.0;
304,191,2012,22.0;
304,196,2012,17.0;
304,203,2012,7.0;
304,208,2012,69.2;
304,233,2012,30.0;
304,276,2012,33.3;
304,348,2012,16.3;
304,352,2012,58.0;
304,376,2012,65.8;
304,380,2012,20.0;
304,398,2012,15.0;
304,417,2012,3.0;
304,428,2012,24.0;
304,440,2012,31.0;
304,498,2012,15.0;
304,499,2012,15.0;
304,528,2012,42.0;
304,578,2012,54.0;
304,616,2012,4.0;
304,620,2012,35.0;
304,642,2012,2.4;
304,643,2012,18.0;
304,688,2012,15.8;
304,703,2012,4.0;
304,705,2012,55.0;
304,724,2012,36.0;
304,752,2012,51.0;
304,762,2012,2.0;
304,807,2012,12.0;
304,826,2012,30.1;
305,040,2013,68.1;
305,056,2013,67.9;
305,124,2013,69.4;
305,191,2013,59.3;
305,203,2013,17.0;
305,233,2013,25.2;
305,246,2013,46.4;
305,250,2013,62.6;
305,276,2013,54.5;
305,300,2013,51.9;
305,348,2013,12.8;
305,372,2013,62.4;
305,376,2013,66.5;
305,380,2013,54.6;
305,428,2013,61.4;
305,440,2013,77.9;
305,442,2013,70.8;
305,498,2013,15.3;
305,528,2013,76.0;
305,578,2013,77.6;
305,616,2013,57.9;
305,620,2013,73.3;
305,642,2013,69.7;
305,724,2013,59.9;
305,752,2013,77.8;
305,756,2013,69.4;
305,826,2013,65.5;
306,031,2015,69.4;
306,040,2015,76.0;
306,056,2015,83.0;
306,100,2015,54.0;
306,191,2015,61.0;
306,196,2015,68.0;
306,203,2015,76.0;
306,208,2015,93.0;
306,233,2015,85.0;
306,246,2015,91.0;
306,250,2015,80.0;
306,276,2015,82.0;
306,300,2015,61.0;
306,348,2015,70.0;
306,352,2015,96.0;
306,372,2015,79.0;
306,376,2015,78.5;
306,380,2015,59.0;
306,428,2015,75.0;
306,440,2015,69.0;
306,442,2015,95.0;
306,470,2015,73.0;
306,528,2015,92.0;
306,578,2015,95.0;
306,616,2015,64.0;
306,620,2015,61.0;
306,642,2015,49.0;
306,688,2015,53.0;
306,703,2015,73.0;
306,705,2015,68.0;
306,724,2015,73.0;
306,752,2015,88.0;
306,792,2015,39.0;
306,807,2015,66.0;
306,826,2015,88.0;
307,031,2015,75.6;
307,040,2015,86.0;
307,056,2015,84.0;
307,100,2015,55.0;
307,191,2015,71.0;
307,196,2015,71.0;
307,203,2015,79.0;
307,208,2015,93.0;
307,233,2015,87.0;
307,246,2015,90.0;
307,250,2015,82.0;
307,276,2015,87.0;
307,300,2015,66.0;
307,348,2015,73.0;
307,352,2015,97.0;
307,372,2015,76.0;
307,376,2015,78.9;
307,380,2015,68.0;
307,428,2015,75.0;
307,440,2015,69.0;
307,442,2015,98.0;
307,470,2015,76.0;
307,528,2015,91.0;
307,578,2015,96.0;
307,616,2015,66.0;
307,620,2015,69.0;
307,642,2015,54.0;
307,688,2015,56.2;
307,703,2015,75.0;
307,705,2015,73.0;
307,724,2015,76.0;
307,752,2015,89.0;
307,792,2015,58.0;
307,807,2015,72.0;
307,826,2015,91.0;
308,031,2015,23.8;
308,040,2015,23.8;
308,056,2015,32.9;
308,100,2015,28.2;
308,196,2015,36.0;
308,208,2015,34.1;
308,250,2015,30.0;
308,268,2015,32.9;
308,276,2015,24.4;
308,300,2015,23.0;
308,348,2015,24.9;
308,352,2015,43.0;
308,372,2015,39.5;
308,380,2015,16.1;
308,428,2015,36.5;
308,470,2015,16.2;
308,498,2015,21.4;
308,528,2015,28.5;
308,578,2015,37.3;
308,620,2015,20.6;
308,642,2015,14.2;
308,688,2015,20.4;
308,705,2015,26.5;
308,724,2015,30.4;
309,008,2013,13.2;
309,031,2013,28.2;
309,040,2013,21.8;
309,056,2013,30.0;
309,100,2013,19.3;
309,124,2013,59.4;
309,196,2013,33.9;
309,203,2013,19.2;
309,208,2013,26.5;
309,233,2013,29.0;
309,246,2013,29.6;
309,250,2013,26.7;
309,268,2013,30.8;
309,276,2013,30.5;
309,300,2013,23.7;
309,348,2013,19.5;
309,352,2013,28.7;
309,372,2013,47.5;
309,376,2013,43.1;
309,380,2013,13.3;
309,428,2013,22.9;
309,442,2013,40.2;
309,470,2013,16.4;
309,498,2013,17.6;
309,528,2013,31.9;
309,578,2013,31.9;
309,620,2013,13.4;
309,642,2013,13.5;
309,688,2013,18.9;
309,705,2013,18.6;
309,724,2013,28.8;
309,752,2013,25.4;
309,756,2013,40.4;
309,792,2013,16.4;
309,826,2013,34.3;
309,840,2013,40.8;
310,008,2015,9.7;
310,100,2015,20.9;
310,124,2015,20.8;
310,191,2015,17.6;
310,196,2015,24.6;
310,203,2015,15.0;
310,208,2015,14.7;
310,233,2015,34.7;
310,250,2015,19.0;
310,268,2015,9.7;
310,276,2015,20.4;
310,352,2015,14.3;
310,380,2015,7.9;
310,398,2015,9.5;
310,440,2015,36.1;
310,498,2015,17.4;
310,499,2015,9.0;
310,578,2015,28.7;
310,620,2015,7.3;
310,642,2015,14.0;
310,688,2015,23.2;
310,705,2015,19.1;
311,008,2015,19.9;
311,031,2015,35.1;
311,040,2015,29.7;
311,056,2015,32.5;
311,100,2015,36.5;
311,191,2015,26.2;
311,196,2015,22.6;
311,203,2015,29.5;
311,208,2015,26.8;
311,233,2015,30.8;
311,246,2015,33.4;
311,250,2015,31.7;
311,276,2015,29.3;
311,300,2015,25.7;
311,348,2015,40.5;
311,352,2015,37.9;
311,372,2015,34.3;
311,376,2015,32.2;
311,380,2015,26.6;
311,398,2015,37.1;
311,428,2015,44.3;
311,440,2015,39.6;
311,442,2015,17.3;
311,470,2015,26.9;
311,498,2015,48.3;
311,499,2015,22.0;
311,528,2015,26.0;
311,578,2015,36.0;
311,616,2015,40.2;
311,620,2015,32.6;
311,642,2015,31.5;
311,688,2015,28.6;
311,703,2015,31.3;
311,705,2015,37.4;
311,724,2015,31.4;
311,752,2015,39.5;
311,756,2015,35.2;
311,792,2015,13.2;
311,807,2015,24.1;
311,826,2015,35.4;
312,008,2014,12.2;
312,031,2014,5.9;
312,040,2014,18.4;
312,051,2014,10.7;
312,056,2014,17.9;
312,070,2014,14.2;
312,100,2014,19.8;
312,112,2014,14.1;
312,124,2014,15.7;
312,191,2014,18.6;
312,196,2014,14.2;
312,203,2014,17.6;
312,208,2014,18.4;
312,233,2014,18.6;
312,246,2014,19.7;
312,250,2014,18.2;
312,268,2014,13.9;
312,276,2014,21.0;
312,300,2014,20.7;
312,348,2014,17.7;
312,352,2014,13.4;
312,372,2014,12.8;
312,376,2014,10.7;
312,380,2014,21.6;
312,417,2014,4.3;
312,428,2014,19.2;
312,438,2014,15.8;
312,440,2014,18.6;
312,442,2014,14.1;
312,470,2014,18.2;
312,498,2014,10.2;
312,499,2014,13.5;
312,528,2014,17.6;
312,578,2014,16.0;
312,616,2014,15.2;
312,620,2014,20.1;
312,642,2014,16.8;
312,688,2014,18.2;
312,703,2014,13.7;
312,705,2014,17.7;
312,724,2014,18.3;
312,752,2014,19.5;
312,756,2014,18.2;
312,792,2014,7.8;
312,804,2014,15.3;
312,807,2014,12.5;
312,826,2014,17.6;
312,840,2014,14.5;
312,860,2014,4.0;
313,008,2014,12.3;
313,040,2014,24.2;
313,056,2014,26.7;
313,100,2014,27.3;
313,191,2014,27.1;
313,196,2014,13.4;
313,203,2014,20.8;
313,208,2014,22.6;
313,233,2014,19.6;
313,246,2014,22.6;
313,250,2014,23.2;
313,268,2014,23.0;
313,276,2014,25.2;
313,300,2014,26.1;
313,348,2014,27.1;
313,352,2014,19.1;
313,372,2014,21.9;
313,376,2014,19.0;
313,380,2014,23.8;
313,398,2014,31.0;
313,428,2014,29.8;
313,440,2014,29.1;
313,442,2014,21.7;
313,470,2014,13.8;
313,498,2014,32.7;
313,528,2014,24.0;
313,578,2014,26.7;
313,616,2014,30.1;
313,620,2014,28.9;
313,642,2014,27.0;
313,688,2014,28.5;
313,703,2014,25.2;
313,705,2014,26.3;
313,724,2014,31.2;
313,752,2014,21.8;
313,756,2014,25.6;
313,792,2014,8.0;
313,807,2014,23.4;
313,826,2014,26.4;
314,008,2014,15.2;
314,031,2014,5.8;
314,040,2014,5.4;
314,056,2014,7.9;
314,070,2014,31.2;
314,100,2014,10.4;
314,191,2014,18.3;
314,196,2014,15.1;
314,203,2014,7.4;
314,208,2014,6.8;
314,233,2014,6.8;
314,246,2014,8.0;
314,250,2014,10.0;
314,268,2014,10.4;
314,276,2014,4.6;
314,300,2014,30.2;
314,348,2014,7.9;
314,352,2014,4.8;
314,372,2014,9.4;
314,376,2014,5.9;
314,380,2014,13.8;
314,398,2014,5.8;
314,428,2014,9.8;
314,440,2014,9.2;
314,442,2014,5.8;
314,470,2014,5.4;
314,498,2014,3.1;
314,499,2014,18.2;
314,528,2014,7.8;
314,578,2014,3.2;
314,616,2014,9.6;
314,620,2014,14.5;
314,642,2014,6.1;
314,688,2014,20.3;
314,703,2014,13.6;
314,705,2014,10.6;
314,724,2014,25.4;
314,752,2014,7.7;
314,756,2014,4.7;
314,792,2014,11.9;
314,807,2014,28.6;
314,826,2014,5.8;
315,008,2014,19.2;
315,031,2014,4.0;
315,040,2014,5.9;
315,056,2014,9.0;
315,070,2014,25.2;
315,100,2014,12.3;
315,191,2014,16.5;
315,196,2014,17.1;
315,203,2014,5.1;
315,208,2014,6.4;
315,233,2014,7.9;
315,246,2014,9.3;
315,250,2014,10.5;
315,268,2014,14.0;
315,276,2014,5.3;
315,300,2014,23.7;
315,348,2014,7.6;
315,352,2014,5.0;
315,372,2014,12.9;
315,376,2014,5.9;
315,380,2014,11.9;
315,398,2014,4.3;
315,428,2014,11.8;
315,440,2014,12.2;
315,442,2014,5.9;
315,470,2014,6.1;
315,498,2014,4.6;
315,499,2014,17.8;
315,528,2014,7.2;
315,578,2014,3.7;
315,616,2014,8.5;
315,620,2014,13.7;
315,642,2014,7.3;
315,688,2014,18.3;
315,703,2014,12.8;
315,705,2014,9.0;
315,724,2014,23.6;
315,752,2014,8.2;
315,756,2014,4.4;
315,792,2014,9.1;
315,807,2014,27.7;
315,826,2014,6.4;
316,008,2014,16.7;
316,031,2014,14.7;
316,040,2014,18.5;
316,056,2014,18.4;
316,100,2014,14.1;
316,191,2014,15.5;
316,196,2014,18.9;
316,203,2014,16.1;
316,208,2014,18.1;
316,233,2014,15.2;
316,246,2014,18.2;
316,250,2014,19.7;
316,276,2014,18.2;
316,300,2014,18.8;
316,348,2014,14.6;
316,352,2014,19.5;
316,372,2014,18.4;
316,380,2014,19.2;
316,428,2014,13.8;
316,440,2014,14.3;
316,442,2014,18.4;
316,470,2014,18.6;
316,498,2014,13.3;
316,499,2014,15.1;
316,528,2014,18.6;
316,578,2014,18.8;
316,616,2014,15.9;
316,620,2014,18.1;
316,642,2014,14.7;
316,688,2014,14.4;
316,703,2014,15.1;
316,705,2014,17.7;
316,724,2014,19.3;
316,752,2014,18.9;
316,756,2014,19.6;
316,792,2014,16.2;
316,807,2014,14.5;
316,826,2014,18.8;
317,008,2014,18.6;
317,031,2014,16.5;
317,040,2014,21.8;
317,056,2014,21.9;
317,100,2014,17.6;
317,191,2014,19.1;
317,196,2014,21.4;
317,203,2014,19.8;
317,208,2014,20.8;
317,233,2014,20.4;
317,246,2014,21.7;
317,250,2014,24.0;
317,276,2014,21.4;
317,300,2014,21.6;
317,348,2014,18.6;
317,352,2014,22.2;
317,372,2014,21.1;
317,380,2014,22.8;
317,428,2014,19.0;
317,440,2014,19.5;
317,442,2014,22.7;
317,470,2014,21.7;
317,498,2014,16.2;
317,499,2014,17.5;
317,528,2014,21.4;
317,578,2014,21.6;
317,616,2014,20.4;
317,620,2014,21.9;
317,642,2014,18.1;
317,688,2014,16.9;
317,703,2014,19.1;
317,705,2014,21.6;
317,724,2014,23.5;
317,752,2014,21.6;
317,756,2014,22.7;
317,792,2014,19.6;
317,807,2014,16.2;
317,826,2014,21.3;
318,008,2012,6.4;
318,031,2012,6.8;
318,040,2012,36.5;
318,056,2012,34.0;
318,070,2012,16.8;
318,100,2012,30.8;
318,124,2012,27.6;
318,191,2012,24.6;
318,196,2012,20.8;
318,203,2012,27.2;
318,208,2012,38.5;
318,233,2012,36.0;
318,246,2012,41.5;
318,268,2012,14.1;
318,276,2012,40.5;
318,300,2012,25.7;
318,348,2012,32.1;
318,352,2012,31.1;
318,372,2012,22.0;
318,376,2012,18.2;
318,380,2012,30.1;
318,398,2012,14.6;
318,428,2012,34.4;
318,440,2012,31.7;
318,442,2012,33.3;
318,499,2012,18.1;
318,528,2012,36.8;
318,578,2012,39.7;
318,616,2012,24.0;
318,620,2012,21.4;
318,642,2012,26.0;
318,688,2012,22.3;
318,703,2012,36.1;
318,705,2012,32.8;
318,724,2012,23.2;
318,752,2012,48.6;
318,756,2012,36.5;
318,762,2012,3.2;
318,792,2012,6.9;
318,804,2012,22.4;
318,826,2012,29.0;
318,840,2012,27.4;
319,008,2015,785.0;
319,020,2015,16.0;
319,040,2015,3869.0;
319,056,2015,683.4;
319,070,2015,2115.0;
319,100,2015,3823.0;
319,112,2015,8633.5;
319,191,2015,1922.0;
319,196,2015,172.7;
319,203,2015,2667.4;
319,208,2015,612.2;
319,233,2015,2231.9;
319,246,2015,22218.0;
319,250,2015,16989.0;
319,268,2015,2822.4;
319,276,2015,11419.0;
319,300,2015,3903.0;
319,336,2015,0.0;
319,348,2015,2069.1;
319,352,2015,49.1;
319,372,2015,754.0;
319,380,2015,9297.0;
319,428,2015,3356.0;
319,438,2015,6.2;
319,440,2015,2180.0;
319,442,2015,86.8;
319,470,2015,0.3;
319,492,2015,0.0;
319,498,2015,409.0;
319,499,2015,826.8;
319,528,2015,376.0;
319,578,2015,12112.0;
319,616,2015,9435.0;
319,620,2015,3182.1;
319,642,2015,6861.0;
319,643,2015,809090.0;
319,688,2015,2720.0;
319,703,2015,1940.0;
319,705,2015,1248.0;
319,724,2015,18417.9;
319,752,2015,28073.0;
319,756,2015,1254.0;
319,792,2015,11943.0;
319,804,2015,9657.0;
319,807,2015,987.5;
319,826,2015,3144.0;
320,008,2015,52.0;
320,040,2015,1155.0;
320,056,2015,187.7;
320,070,2015,392.3;
320,100,2015,699.0;
320,112,2015,1669.3;
320,191,2015,414.9;
320,196,2015,11.1;
320,203,2015,791.2;
320,208,2015,125.2;
320,233,2015,476.3;
320,246,2015,2319.9;
320,250,2015,2860.0;
320,268,2015,454.5;
320,276,2015,3663.0;
320,300,2015,185.0;
320,336,2015,0.0;
320,348,2015,377.1;
320,352,2015,0.5;
320,372,2015,116.8;
320,380,2015,1384.7;
320,428,2015,665.0;
320,438,2015,1.8;
320,440,2015,515.0;
320,442,2015,25.9;
320,470,2015,0.1;
320,492,2015,0.0;
320,498,2015,50.4;
320,499,2015,121.4;
320,528,2015,80.9;
320,578,2015,1157.0;
320,616,2015,2540.0;
320,642,2015,1930.4;
320,643,2015,81522.9;
320,688,2015,418.0;
320,703,2015,532.1;
320,705,2015,431.6;
320,724,2015,1212.0;
320,752,2015,2988.5;
320,756,2015,442.0;
320,792,2015,1506.8;
320,804,2015,2196.0;
320,807,2015,76.4;
320,826,2015,652.0;
321,056,2010,46.8;
321,100,2010,134.3;
321,112,2010,211.0;
321,191,2010,144.3;
321,196,2010,5.4;
321,203,2010,73.7;
321,208,2010,11.7;
321,246,2010,62.0;
321,348,2010,130.0;
321,352,2010,0.0;
321,428,2010,4.9;
321,440,2010,50.8;
321,616,2010,206.0;
321,620,2010,336.0;
321,642,2010,879.6;
321,703,2010,25.2;
321,705,2010,1.5;
321,752,2010,893.0;
321,792,2010,440.5;
321,804,2010,17.8;
322,008,2012,133.6;
322,040,2012,18020.7;
322,056,2012,3464.6;
322,070,2012,3797.0;
322,100,2012,6775.0;
322,112,2012,10364.2;
322,191,2012,5714.0;
322,203,2012,15061.0;
322,208,2012,3111.0;
322,233,2012,6622.7;
322,246,2012,49966.9;
322,250,2012,52300.0;
322,268,2012,0.1;
322,276,2012,52338.1;
322,300,2012,1173.0;
322,348,2012,5946.1;
322,372,2012,2627.0;
322,428,2012,12529.6;
322,438,2012,26.8;
322,440,2012,6921.0;
322,442,2012,261.4;
322,470,2012,0.0;
322,498,2012,351.8;
322,499,2012,390.1;
322,528,2012,955.0;
322,578,2012,11222.0;
322,616,2012,38163.0;
322,620,2012,10710.8;
322,642,2012,15921.0;
322,688,2012,7706.0;
322,703,2012,8201.7;
322,705,2012,3387.9;
322,724,2012,15526.8;
322,752,2012,69500.0;
322,756,2012,5496.7;
322,792,2012,21959.0;
322,804,2012,17506.7;
322,807,2012,597.0;
322,826,2012,10120.0;
323,040,2010,1080.3;
323,056,2010,100.8;
323,070,2010,93.5;
323,100,2010,89.8;
323,112,2010,192.0;
323,191,2010,202.9;
323,196,2010,0.5;
323,203,2010,778.0;
323,208,2010,280.8;
323,233,2010,151.5;
323,246,2010,2764.0;
323,250,2010,2045.3;
323,276,2010,2400.0;
323,300,2010,48.4;
323,348,2010,183.5;
323,352,2010,0.5;
323,372,2010,163.0;
323,380,2010,608.9;
323,428,2010,533.0;
323,440,2010,139.0;
323,442,2010,8.4;
323,470,2010,0.0;
323,499,2010,1.6;
323,528,2010,59.0;
323,578,2010,611.4;
323,616,2010,1023.5;
323,620,2010,657.3;
323,642,2010,441.0;
323,643,2010,1766.7;
323,703,2010,218.2;
323,705,2010,167.6;
323,724,2010,1012.0;
323,752,2010,3719.4;
323,756,2010,281.2;
323,804,2010,251.9;
323,807,2010,22.9;
323,826,2010,382.6;
324,008,2010,1.0;
324,040,2010,12.3;
324,056,2010,2.8;
324,100,2010,20.1;
324,196,2010,1.0;
324,203,2010,14.7;
324,208,2010,1.8;
324,233,2010,5.6;
324,246,2010,22.8;
324,250,2010,31.7;
324,276,2010,41.8;
324,300,2010,5.3;
324,348,2010,16.3;
324,352,2010,0.1;
324,372,2010,2.4;
324,380,2010,44.9;
324,428,2010,17.2;
324,440,2010,9.1;
324,442,2010,0.2;
324,498,2010,4.2;
324,499,2010,0.4;
324,528,2010,1.6;
324,578,2010,3.7;
324,616,2010,63.7;
324,620,2010,5.9;
324,642,2010,51.0;
324,643,2010,74.0;
324,688,2010,7.6;
324,703,2010,19.2;
324,705,2010,3.4;
324,724,2010,30.8;
324,752,2010,28.1;
324,756,2010,8.4;
324,792,2010,45.3;
324,804,2010,69.8;
324,807,2010,3.7;
324,826,2010,19.8;
325,008,2012,564.5;
325,040,2012,3169.0;
325,056,2012,1679.5;
325,070,2012,492.2;
325,100,2012,824.4;
325,112,2012,1542.7;
325,191,2012,1009.0;
325,196,2012,345.8;
325,203,2012,1274.8;
325,208,2012,1719.6;
325,233,2012,4080.9;
325,246,2012,3758.0;
325,250,2012,1323.4;
325,268,2012,180.5;
325,276,2012,1727.4;
325,300,2012,470.6;
325,348,2012,792.5;
325,352,2012,1026.5;
325,372,2012,680.1;
325,380,2012,1060.1;
325,428,2012,2497.1;
325,438,2012,838.8;
325,440,2012,2093.0;
325,442,2012,2462.2;
325,470,2012,360.2;
325,498,2012,292.7;
325,499,2012,1166.3;
325,528,2012,1113.1;
325,578,2012,2033.8;
325,616,2012,1171.8;
325,620,2012,806.1;
325,642,2012,839.6;
325,643,2012,655.4;
325,688,2012,1415.7;
325,703,2012,1091.8;
325,705,2012,2052.9;
325,724,2012,701.3;
325,752,2012,2796.4;
325,756,2012,1246.5;
325,792,2012,696.1;
325,804,2012,419.1;
325,807,2012,573.7;
325,826,2012,918.7;
326,008,2012,6.3;
326,040,2012,5195.4;
326,056,2012,3248.1;
326,070,2012,239.5;
326,100,2012,348.8;
326,112,2012,311.7;
326,191,2012,383.3;
326,196,2012,0.1;
326,203,2012,1685.8;
326,208,2012,237.9;
326,233,2012,639.2;
326,246,2012,10144.6;
326,250,2012,5179.6;
326,268,2012,17.7;
326,276,2012,15039.7;
326,300,2012,109.3;
326,348,2012,718.6;
326,352,2012,0.2;
326,372,2012,325.8;
326,380,2012,3319.9;
326,428,2012,972.6;
326,438,2012,0.4;
326,440,2012,390.3;
326,442,2012,180.5;
326,470,2012,1.1;
326,498,2012,7.0;
326,499,2012,14.4;
326,528,2012,2699.9;
326,578,2012,1252.3;
326,616,2012,2517.4;
326,620,2012,2108.7;
326,642,2012,1327.3;
326,643,2012,7075.5;
326,688,2012,203.1;
326,703,2012,1119.0;
326,705,2012,783.3;
326,724,2012,3365.9;
326,752,2012,11775.4;
326,756,2012,1063.3;
326,792,2012,626.4;
326,804,2012,696.2;
326,807,2012,5.2;
326,826,2012,1547.7;
327,008,2012,68.5;
327,040,2012,2905.0;
327,056,2012,3930.0;
327,070,2012,149.7;
327,100,2012,331.2;
327,112,2012,350.4;
327,191,2012,304.1;
327,196,2012,84.1;
327,203,2012,1448.1;
327,208,2012,1117.0;
327,233,2012,363.6;
327,246,2012,1140.2;
327,250,2012,6859.7;
327,268,2012,68.7;
327,276,2012,13882.2;
327,300,2012,577.2;
327,348,2012,868.4;
327,352,2012,48.8;
327,372,2012,534.0;
327,380,2012,6871.1;
327,428,2012,249.7;
327,438,2012,0.0;
327,440,2012,487.8;
327,442,2012,237.4;
327,470,2012,65.2;
327,498,2012,80.5;
327,499,2012,17.4;
327,528,2012,4223.8;
327,578,2012,972.6;
327,616,2012,3317.6;
327,620,2012,860.3;
327,642,2012,677.3;
327,643,2012,2341.2;
327,688,2012,442.2;
327,703,2012,843.1;
327,705,2012,601.4;
327,724,2012,3276.3;
327,752,2012,1811.5;
327,756,2012,1406.9;
327,792,2012,3127.2;
327,804,2012,765.2;
327,807,2012,80.9;
327,826,2012,7554.5;